v 1 21730
v 2 22752
v 3 71053
v 4 8402915
v 5 8402917
v 6 8440612
v 7 8512311
v 8 22632
v 9 22633
v 10 22912
v 11 22913
v 12 22914
v 13 22960
v 14 21756
e 1 0 1,2550 2,1530 3,2034 4,2034 5,2034 6,2200 7,1530
e 2 0 8,1110 9,1110
e 3 0 10,1485 11,1485 12,1485 13,2550
e 4 0 14,1785
end
v 1 22086
v 2 22632
v 3 22633
v 4 21258
v 5 21733
v 6 22114
v 7 22961
v 8 22168
v 9 22662
v 10 22663
v 11 22783
v 12 22960
v 13 8504911
v 14 84880
v 15 8509912
v 16 8509913
v 17 21731
v 18 22466
v 19 22779
v 20 22780
v 21 79321
e 1 0 1,20400
e 2 0 2,1110 3,1110
e 3 0 4,35040
e 4 0 5,16320 6,16560
e 5 0 2,1110 3,1110
e 6 0 7,3480
e 7 0 8,1700 9,1650 10,1950 11,1995 12,2550 7,1740 13,1500
e 8 0 14,17820 15,16500 16,16500
e 9 0 17,54000 18,62640 19,64704 20,64704 21,73344
end
v 1 21889
v 2 21891
v 3 22127
v 4 22128
v 5 22150
v 6 22338
v 7 22502
v 8 22619
v 9 22827
v 10 84879
v 11 22180
v 12 3500412
v 13 3500413
v 14 22632
v 15 22633
e 1 0 1,1500 2,1500 3,1500 4,1500 5,1170 6,1560 7,2380 8,1500 9,16500 10,2704
e 2 0 11,7960
e 3 0 12,5580 13,22320
e 4 0 14,1110 15,1110
end
v 1 22969
v 2 22086
v 3 22837
v 4 22910
v 5 22867
v 6 26252829
v 7 20914
v 8 22632
v 9 22633
e 1 0 1,1740
e 2 0 2,10200 3,15300 4,10200
e 3 0 5,17760 6,1500
e 4 0 7,32640
e 5 0 8,1110 9,1110
end
v 1 21494
v 2 21915
v 3 22767
v 4 22768
v 5 22938
v 6 8249422
v 7 21479
v 8 21481
v 9 21485
v 10 22111
v 11 22113
v 12 22619
v 13 22632
v 14 22837
v 15 8402915
v 16 17021
v 17 21154
v 18 22059
v 19 22188
v 20 22189
v 21 84678
v 22 82552
v 23 22960
v 24 22961
v 25 21441
v 26 22423
v 27 22784
v 28 84879
v 29 8512311
v 30 21326
v 31 84947
v 32 22485
v 33 22633
v 34 22807
v 35 22865
v 36 22866
v 37 22854
v 38 21106
v 39 21107
v 40 21111
v 41 22697
e 1 0 1,1500 2,9000 3,3980 4,3980 5,2340 6,1770
e 2 0 7,3000 8,1770 9,3960 10,7920 11,3000 12,1500 13,2520 14,3720 15,3000
e 3 0 16,14400 17,21200 18,6000 19,12204 20,24408 21,6000
e 4 0 22,1740
e 5 0 23,2550 24,1740
e 6 0 25,1020 26,2550 27,1485 28,2704 29,1770
e 7 0 30,7920 31,7632
e 8 0 32,5100 33,7560 34,1770 35,7560 36,7560
e 9 0 37,495
e 10 0 38,1770 39,1770 40,1770 41,1770
end
v 1 21135
v 2 21929
v 3 22113
v 4 22173
v 5 22411
v 6 22624
v 7 22625
v 8 22626
v 9 8509912
v 10 21258
v 11 21743
v 12 22164
v 13 22187
v 14 22222
v 15 22487
v 16 22627
v 17 22947
v 18 72598
v 19 20754
v 20 21843
v 21 22680
v 22 22740
v 23 22797
v 24 22825
v 25 22112
v 26 22834
v 27 22865
v 28 22866
v 29 22867
v 30 21485
v 31 72817
v 32 84879
e 1 0 1,2704 2,3900 3,3000 4,4720 5,1950 6,5100 7,5100 8,1700 9,1950
e 2 0 10,1275 11,1770 12,1770 13,1700 14,1485 15,1990 16,1700 17,3390 18,1020
e 3 0 19,1260 20,1095 21,2500 22,4080 23,5085 24,1590
e 4 0 25,1485 26,2520 27,2520 28,2520 29,2520
e 5 0 30,1485 31,1500 32,13520
end
v 1 21915
v 2 20697
v 3 22716
v 4 20749
v 5 21843
v 6 21922
v 7 22336
v 8 22597
v 9 22599
v 10 22694
v 11 35961
v 12 22802
e 1 0 1,1500
e 2 0 2,255 3,42
e 3 0 4,1590 5,1095 6,1590 7,1560 8,1020 9,1020 10,1260 11,1020
e 4 0 12,9975
end
v 1 22366
v 2 22876
v 3 22953
v 4 5101411
v 5 5101413
v 6 5101422
v 7 8488411
v 8 21452
v 9 21818
v 10 22798
v 11 22800
v 12 22909
v 13 22941
v 14 22964
v 15 22976
v 16 8519928
v 17 37446
v 18 37449
v 19 21369
v 20 21372
v 21 21668
v 22 22771
v 23 22772
v 24 22773
v 25 22774
v 26 22805
v 27 21231
v 28 22632
v 29 22645
v 30 22646
v 31 22865
v 32 22866
v 33 22867
v 34 22915
v 35 21781
v 36 22113
v 37 22457
v 38 22835
v 39 84836
v 40 22178
v 41 22791
v 42 84755
v 43 8497022
e 1 0 1,6750 2,195 3,4500 4,1020 5,3060 6,2040 7,3950
e 2 0 8,2950 9,3060 10,1180 11,1500 12,850 13,850 14,840 15,3000 16,3024
e 3 0 17,1160 18,3980
e 4 0 19,375 20,295
e 5 0 21,750 22,1250 23,2500 24,1500 25,4500 26,1125
e 6 0 27,1500 28,5040 29,1740 30,1740 31,5040 32,5040 33,5040
e 7 0 34,504
e 8 0 35,2990 36,12204 37,3540 38,10200 39,1500
e 9 0 40,4500 41,7632 42,1040 43,1140
end
v 1 21756
v 2 21107
v 3 21232
v 4 21864
v 5 22095
v 6 84050
v 7 1505626
v 8 8509912
v 9 8512311
v 10 20725
v 11 22147
v 12 22646
v 13 21484
v 14 22726
v 15 22728
v 16 22729
v 17 22834
v 18 22837
v 19 22865
v 20 22866
v 21 20727
v 22 22965
v 23 22966
v 24 22972
v 25 22974
v 26 22975
v 27 22988
v 28 21156
v 29 37449
v 30 22725
v 31 22730
v 32 22846
v 33 22848
e 1 0 1,1785
e 2 0 2,18360 3,18000 4,12168 5,31500 6,9000 7,22080 8,11550 9,32640
e 3 0 10,8700 3,18000 11,5000 12,18000
e 4 0 13,2760 14,1500 15,1500 16,1500 17,5040 18,5580 19,5040 20,5040
e 5 0 21,8700 3,22896
e 6 0 22,1260 23,1500 24,1980 25,1980 26,1500 27,1500
e 7 0 8,33000
e 8 0 28,19800
e 9 0 29,1990
e 10 0 30,1500 14,3000 15,3000 16,1500 31,1500 32,11960 33,11960
end
v 1 21472
v 2 21524
v 3 22222
v 4 22366
v 5 22519
v 6 21733
v 7 22113
v 8 22804
v 9 8497022
v 10 8512311
v 11 21624
v 12 21967
v 13 22114
v 14 22802
v 15 22900
v 16 8492611
e 1 0 1,2250 2,1590 3,1485 4,1590 5,1260
e 2 0 6,1770 7,1500 8,1770 9,1140 10,1770
e 3 0 11,595 12,29 13,395 14,1995 15,295 16,500
end
v 1 21421
v 2 21422
v 3 22178
v 4 22617
e 1 0 1,1500 2,1360 3,3000 4,10200
end
v 1 20749
v 2 21056
v 3 22726
v 4 22727
v 5 22968
v 6 84945
v 7 22632
v 8 22633
v 9 22189
v 10 22457
v 11 22792
v 12 22863
v 13 22961
v 14 72741
v 15 84832
v 16 8497028
v 17 8523112
e 1 0 1,7620 2,7160 3,4500 4,1500 5,6800 6,3060
e 2 0 7,1110 8,1110
e 3 0 7,1110 8,1110
e 4 0 9,4740 10,1770 11,1020 12,1770 13,3480 14,2610 15,1020 16,1020 17,1020
end
v 1 22863
v 2 22962
v 3 22963
v 4 22632
v 5 22633
e 1 0 1,1770 2,1020 3,1020
e 2 0 4,1110 5,1110
end
v 1 22632
v 2 22633
v 3 21137
v 4 22960
v 5 22961
v 6 10135
v 7 21790
v 8 21791
v 9 22422
v 10 22491
v 11 22492
v 12 22536
v 13 22549
v 14 22561
v 15 22752
v 16 22965
e 1 0 1,1110 2,1110
e 2 0 3,24408
e 3 0 4,4500 5,5220
e 4 0 6,1250 7,4080 8,4500 9,780 10,2040 11,4680 12,2016 13,3480 14,1980 15,10200
e 5 0 16,1260
e 6 0 1,1110 2,1110
end
v 1 22632
v 2 22633
v 3 22086
v 4 22187
e 1 0 1,1110 2,1110
e 2 0 3,10620
e 3 0 4,425
end
v 1 22632
v 2 22633
v 3 22737
v 4 22867
v 5 22910
v 6 22952
v 7 22469
v 8 21385
v 9 22465
v 10 22740
v 11 22855
v 12 8506132
v 13 20749
v 14 21288
v 15 22729
v 16 22812
v 17 21014
v 18 21791
v 19 21801
v 20 21803
v 21 22491
v 22 22909
v 23 40016
v 24 72816
v 25 21563
v 26 21769
v 27 22168
v 28 22442
v 29 22595
v 30 22759
v 31 22797
v 32 22969
v 33 8484611
v 34 22659
e 1 0 1,5040 2,5040 3,3300 4,5040 5,10200 6,1320
e 2 0 7,5800
e 3 0 8,2040 9,3960 10,4080 11,1500 12,2040
e 4 0 13,4770 14,1770 15,1500 16,4680
e 5 0 17,5100 18,4500 19,1512 20,1512 21,4080 22,6144 23,6048 24,5088
e 6 0 25,1770 26,7995 27,1700 28,1590 29,1020 30,1980 31,1695 32,1740 33,1260
e 7 0 1,1110 2,1110
e 8 0 1,1110 2,1110
e 9 0 34,21120
end
v 1 21703
v 2 21790
v 3 21791
v 4 22555
v 5 22616
v 6 20914
v 7 21217
v 8 21843
v 9 22806
v 10 22840
v 11 22841
v 12 22893
v 13 22961
v 14 22962
v 15 22963
v 16 22964
v 17 22966
v 18 22969
v 19 21156
v 20 21625
v 21 22367
v 22 22423
v 23 22839
v 24 22898
v 25 22955
v 26 22956
v 27 4759114
v 28 20749
v 29 20750
v 30 21428
v 31 21430
v 32 22077
v 33 22736
v 34 22737
v 35 22738
v 36 85177
v 37 8518413
v 38 22191
v 39 22426
v 40 22634
v 41 84945
v 42 7276012
e 1 0 1,8064 2,10368 3,22896 4,23760 5,17400
e 2 0 6,1770 7,995 8,1095 9,1770 10,1590 11,1590 12,1008
e 3 0 7,995 13,1740 14,1020 15,1020 16,1260 17,1500 18,1740
e 4 0 19,4875 20,4170 8,2190 21,1950 22,7650 23,1495 24,4875 25,1260 26,1260 27,8250
e 5 0 28,6360 29,6360 30,1700 31,3000 32,3960 33,1650 34,1650 35,4950 36,1020 37,3540
e 6 0 38,5100 39,1500 40,1990 41,1020 42,1990
end
v 1 22632
v 2 22633
v 3 21116
v 4 21155
v 5 21217
v 6 21232
v 7 21527
v 8 1506012
v 9 4759114
e 1 0 1,1110 2,1110
e 2 0 1,1110 2,1110
e 3 0 3,1485 4,1260 5,995 6,1500 7,1590 8,1500 9,1560
end
v 1 22558
v 2 22960
v 3 22961
v 4 22964
v 5 22965
v 6 22966
v 7 22969
v 8 20975
v 9 21500
v 10 22940
v 11 8509912
v 12 8509916
v 13 1211242158
v 14 21481
v 15 22114
v 16 8403211
v 17 8403212
v 18 22865
v 19 20961
v 20 20963
v 21 22659
v 22 84879
v 23 84946
v 24 22617
v 25 85178
v 26 22632
v 27 22633
v 28 21314
v 29 22726
v 30 22727
v 31 21967
v 32 21982
v 33 22084
v 34 22086
v 35 22866
v 36 8512311
v 37 20970
v 38 9000214
e 1 0 1,1788 2,2550 3,1740 4,1260 5,1260 6,1500 7,1740
e 2 0 8,1560 9,1050 10,3400 11,3900 12,3900
e 3 0 13,1500
e 4 0 14,295 15,395 16,295 17,295
e 5 0 18,5040
e 6 0 19,12500 20,12500 21,21120 22,46400 23,22896
e 7 0 24,20400 25,12000
e 8 0 1,7500
e 9 0 26,1110 27,1110
e 10 0 26,2220 27,2220
e 11 0 1,3000
e 12 0 28,5040 15,4740 29,4500 30,18000
e 13 0 31,696 32,696 33,3540 34,10200 18,5040 35,5040 36,8160
e 14 0 37,1500 26,2520 27,2520 18,2520 35,2520 38,1500
end
v 1 21463
v 2 21464
v 3 21731
v 4 22179
v 5 22735
v 6 22779
v 7 22837
v 8 22941
v 9 22113
v 10 21803
v 11 22579
v 12 82578
v 13 82580
v 14 82581
v 15 21833
v 16 22275
e 1 0 1,1190 2,850 3,1980 4,5400 5,1650 6,3400 7,1860 8,3400
e 2 0 9,2250
e 3 0 10,1512 11,1020 12,660 13,660 14,660
e 4 0 15,30396
e 5 0 16,52785
end
v 1 22508
v 2 8249422
v 3 8501411
v 4 8512311
v 5 84077
v 6 21928
v 7 21929
v 8 22207
v 9 84880
v 10 21733
v 11 21925
v 12 21927
v 13 22763
v 14 22863
v 15 71477
v 16 85066
v 17 8440612
e 1 0 1,1500 2,1770 3,1785
e 2 0 4,40800
e 3 0 5,51840
e 4 0 6,16500 7,16500 8,18000 9,5940
e 5 0 10,1770 11,1500 12,3000 13,1990 14,1770 15,1300 16,2550 17,2600
end
v 1 21111
v 2 22655
v 3 15036
v 4 40016
v 5 72232
v 6 22890
v 7 22966
e 1 0 1,3540
e 2 0 2,29500
e 3 0 3,1800 4,1008 5,912
e 4 0 6,1990 7,1500
end
v 1 21430
v 2 22502
v 3 22841
e 1 0 1,1500 2,15840 3,1590
end
v 1 20956
v 2 21231
v 3 21232
v 4 21807
v 5 22065
v 6 22067
v 7 22155
v 8 22161
v 9 84347
v 10 21928
v 11 21930
v 12 22910
v 13 22727
v 14 22728
v 15 22730
e 1 0 1,1500 2,3000 3,3000 4,1512 5,3480 6,3960 7,2016 8,1560 9,1530
e 2 0 10,16500 11,16500 12,20400
e 3 0 13,18000 14,14625 15,7125
end
v 1 21786
v 2 21791
v 3 22539
v 4 22544
v 5 22549
v 6 22661
v 7 26252829
v 8 20677
v 9 20750
v 10 21731
v 11 22326
v 12 22554
v 13 21484
v 14 21485
v 15 22111
v 16 22155
v 17 22158
v 18 22575
v 19 22626
v 20 22627
v 21 84347
v 22 8513111
e 1 0 1,1008 2,1500 3,1008 4,1008 5,1740 6,850 7,1800
e 2 0 8,2000 9,1590 10,3960 11,8850 12,5940 7,8000
e 3 0 13,690 14,1485 15,1485 16,420 17,3835 18,585 19,850 20,850 21,12240 22,3000
end
v 1 21249
v 2 21328
v 3 21329
v 4 22077
v 5 22149
v 6 22300
v 7 22301
v 8 22634
v 9 22636
v 10 26252829
v 11 7280312
v 12 22959
v 13 21523
v 14 48138
v 15 48185
e 1 0 1,1770 2,1980 3,1980 4,1980 5,1260 6,1530 7,1530 8,6800 9,6120 10,5400
e 2 0 11,847
e 3 0 12,546
e 4 0 13,1590 14,1590 15,795
end
v 1 1708427
v 2 1709011
v 3 1709120
v 4 16235
v 5 21027
v 6 21095
v 7 21161
v 8 21239
v 9 22907
v 10 84539
v 11 90096
v 12 90099
v 13 8504917
v 14 20725
v 15 20727
v 16 20728
v 17 22383
v 18 22384
v 19 22943
e 1 0 1,23040 2,3060 3,6120
e 2 0 4,210 5,125 6,680 7,145 8,1190 9,255 10,1650 11,1530 12,1020 13,125
e 3 0 14,11550 15,9900 16,14500 17,11550 18,14500
e 4 0 19,42500
end
v 1 8509912
v 2 26252829
v 3 71477
v 4 79321
v 5 21232
v 6 21700
v 7 21733
v 8 22844
v 9 22961
v 10 22969
v 11 37446
v 12 37448
e 1 0 1,5850 2,1800
e 2 0 3,33000 4,20400
e 3 0 3,52800
e 4 0 5,3000 6,2040 7,8160 8,3400 9,1740 10,1740 11,1160 12,3576
end
v 1 16016
v 2 22171
v 3 22331
v 4 22445
v 5 22865
v 6 22914
v 7 22926
v 8 8484914
v 9 26252829
v 10 21479
v 11 21509
v 12 22409
v 13 22470
v 14 22492
v 15 22694
v 16 22909
e 1 0 1,850 2,3400 3,1320 4,1770 5,2520 6,1485 7,2380 8,2028 9,1800
e 2 0 10,3000 11,504 12,1500 13,1770 14,2340 15,1260 16,2040
end
v 1 20658
v 2 20669
v 3 20726
v 4 20728
v 5 21992
v 6 22383
v 7 26252829
v 8 22335
v 9 22337
v 10 22338
v 11 22339
v 12 22572
v 13 22573
v 14 22791
v 15 84836
v 16 8403212
v 17 21781
v 18 22072
v 19 84880
e 1 0 1,1500 2,1500 3,1650 4,2310 5,1770 6,1650 7,2800
e 2 0 8,325 9,260 10,260 11,195 12,340 13,510 14,250 15,500
e 3 0 16,9180
e 4 0 17,1495 18,3000 19,5355
end
end
v 1 22771
v 2 22772
v 3 22773
v 4 22774
v 5 22775
v 6 22805
v 7 37446
e 1 0 1,3000 2,1500 3,1500 4,3000 5,3000 6,1500
e 2 0 7,1160
end
v 1 21523
v 2 21524
v 3 21754
v 4 21755
v 5 22083
v 6 22086
v 7 22423
v 8 84949
e 1 0 1,6750 2,2385 3,1785 4,1785 5,2950 6,20400 7,17520
e 2 0 7,52560 8,20880
end
v 1 9016212
v 2 9016214
v 3 21216
v 4 22423
v 5 22666
v 6 22791
v 7 84946
v 8 22926
v 9 22927
v 10 84347
v 11 20828
v 12 21955
v 13 22654
v 14 1709120
v 15 7234912
v 16 8512413
e 1 0 1,295 2,295
e 2 0 3,10200 4,17520 5,12240 6,7632 7,7632
e 3 0 8,1190 9,1190 10,25200
e 4 0 11,510 12,795 13,595 14,125 15,210 16,510
end
v 1 20967
v 2 21429
v 3 22021
v 4 22271
v 5 22569
v 6 22750
v 7 22751
v 8 8520611
v 9 21915
v 10 79321
v 11 21733
v 12 8512311
v 13 21034
v 14 21481
v 15 21802
v 16 21807
v 17 22111
v 18 22272
v 19 22273
v 20 22570
v 21 22423
v 22 22574
v 23 22595
e 1 0 1,7500 2,2640 3,3960 4,12240 5,3000 6,6000 7,4500 8,3960
e 2 0 9,1500
e 3 0 10,20400
e 4 0 11,8160 12,32640
e 5 0 13,95 14,1770 15,1512 16,1512 17,5940 4,590 18,590 19,590 20,3750
e 6 0 21,1275 22,1020 23,1020
end
v 1 22629
v 2 22632
v 3 22633
v 4 22659
v 5 22834
v 6 22865
v 7 22866
v 8 22867
v 9 22900
v 10 22902
v 11 22619
e 1 0 1,780 2,1470 3,3360 4,390 5,1470 6,2520 7,2940 8,2520 9,1770 10,1260
e 2 0 11,27120
end
v 1 20685
v 2 26252829
e 1 0 1,6750 2,1800
end
v 1 21485
v 2 22112
v 3 22114
v 4 22632
v 5 20961
v 6 20963
v 7 20966
v 8 21556
v 9 21700
v 10 85215
v 11 21136
v 12 82484
v 13 84879
v 14 85062
v 15 85064
v 16 8512412
v 17 8512413
v 18 22847
v 19 22849
v 20 22926
v 21 22927
v 22 22450
e 1 0 1,1485 2,2970 3,1580 4,2520
e 2 0 5,125 6,125 7,125 8,255 9,170 10,65
e 3 0 11,1352 12,19980 13,2704 14,3960 15,3270 16,1530 17,3060
e 4 0 18,5980 19,5980 20,2380 21,2380
e 5 0 22,335
end
v 1 20972
v 2 22633
v 3 22749
v 4 22750
v 5 22751
v 6 22810
v 7 22942
v 8 21055
v 9 21485
v 10 22112
v 11 22114
v 12 22141
v 13 22144
v 14 22469
v 15 22835
v 16 85048
e 1 0 1,625 2,840 3,375 4,375 5,375 6,295 7,850
e 2 0 8,895 9,1485 10,2970 11,1580 12,1260 13,1260 14,1980 15,1860 16,3180
end
v 1 20781
v 2 20802
v 3 21713
v 4 22052
v 5 22310
v 6 22389
v 7 22705
v 8 22811
v 9 22927
v 10 22144
e 1 0 1,1098 2,990 3,1680 4,1050 5,990 6,1530 7,1050 8,1770 9,1190
e 2 0 10,2520
end
v 1 22961
v 2 21733
v 3 21259
v 4 21844
v 5 22439
v 6 22584
v 7 22630
v 8 22652
v 9 22654
v 10 22812
v 11 82484
v 12 21791
v 13 21889
v 14 22536
v 15 22659
v 16 20914
v 17 21216
v 18 21527
v 19 21531
v 20 22073
v 21 22179
v 22 22468
v 23 48184
v 24 85048
e 1 0 1,1740
e 2 0 2,295
e 3 0 3,1190 4,3540 5,1560 6,6120 7,4680 8,3300 9,3570 10,4680 11,6660
e 4 0 12,30528 13,22896 14,17280 15,53460
e 5 0 16,3540 17,3960 18,8340 19,5040 20,8424 21,1350 22,1350 23,2385 24,3180
end
v 1 22632
v 2 22866
v 3 22469
v 4 22633
v 5 22952
v 6 20726
v 7 20728
v 8 21931
v 9 22150
v 10 22271
v 11 22411
v 12 26252829
v 13 22174
v 14 22791
v 15 84946
v 16 21289
v 17 21291
v 18 7903014
v 19 8496816
v 20 22080
v 21 22197
e 1 0 1,2520 2,2520
e 2 0 3,1980 4,2520 5,1320
e 3 0 6,1650 7,1650 8,1950 9,1170 10,1770 11,1950 12,2800
e 4 0 13,7104 14,7632 15,7632
e 5 0 16,2000 17,1360 18,990 19,1275
e 6 0 20,3300
e 7 0 21,2635
end
v 1 20685
v 2 21175
v 3 21868
v 4 22041
v 5 22632
v 6 22633
v 7 22900
v 8 82582
v 9 8504911
v 10 8504915
v 11 20749
v 12 20897
v 13 20903
v 14 21114
v 15 22086
v 16 22910
v 17 22961
v 18 82486
v 19 84744
v 20 21034
v 21 21291
v 22 21948
v 23 22328
v 24 22907
v 25 22909
v 26 22952
v 27 71403
v 28 84375
v 29 84380
v 30 21014
v 31 21349
v 32 22083
v 33 22119
v 34 22121
v 35 22187
v 36 22577
v 37 22592
v 38 21181
v 39 21870
v 40 21874
v 41 22192
v 42 22556
v 43 22620
v 44 84755
v 45 21843
v 46 22423
v 47 22697
v 48 22699
v 49 22784
e 1 0 1,6750 2,2520 3,1500 4,10080 5,17760 6,17760 7,1770 8,2520 9,1500 10,1500
e 2 0 11,1590 12,1770 13,1270 14,1250 15,1770 16,1770 17,1740 18,1590 19,1500
e 3 0 20,95 21,2720 22,750 23,4720 24,170 25,85 26,275 27,295 28,3990 29,1125
e 4 0 30,1020 31,2700 32,1770 15,1770 33,2085 34,1785 35,1700 36,1020 37,1500
e 5 0 38,2520 3,7632 39,7632 40,1500 32,3540 41,1700 42,1980 43,1500 44,3120
e 6 0 45,2190 46,5100 47,1770 48,1770 49,1485
end
v 1 21407
v 2 21733
v 3 22080
v 4 22086
v 5 22575
v 6 22637
v 7 22784
v 8 22835
v 9 22926
v 10 22966
v 11 84946
v 12 82582
e 1 0 1,1275 2,1770 3,1650 4,3540 5,3120 6,1020 7,1485 8,1860 9,1190 10,1500
e 2 0 11,7632
e 3 0 12,2520
end
v 1 22632
v 2 22633
v 3 22086
v 4 22865
v 5 22867
v 6 22119
v 7 21730
v 8 22456
v 9 22816
v 10 47580
v 11 84946
v 12 85048
v 13 1809413
v 14 4000512
e 1 0 1,5040 2,5040
e 2 0 3,1770 1,4200 2,2100 4,2100 5,2100
e 3 0 6,2085
e 4 0 7,6930 8,495 9,504 10,255 11,750 12,3180 13,125 14,85
end
v 1 22558
v 2 22960
v 3 22961
v 4 22962
v 5 22963
v 6 21354
v 7 22086
v 8 22593
v 9 22595
v 10 22754
v 11 22755
v 12 22834
v 13 22837
v 14 22855
v 15 22867
e 1 0 1,1788 2,2550 3,1740 4,1020 5,1020
e 2 0 6,1500 7,3540 8,1020 9,3060 10,1020 11,1020 12,2520 13,3720 14,4500 15,2520
end
v 1 22196
v 2 22847
v 3 22849
v 4 22926
v 5 22927
v 6 47580
v 7 22834
v 8 22633
v 9 22837
v 10 22969
v 11 22625
v 12 22694
v 13 22840
v 14 22842
v 15 22846
v 16 22855
v 17 22956
v 18 22960
v 19 21743
v 20 21744
v 21 22595
v 22 22600
v 23 22602
v 24 22779
v 25 21730
v 26 22178
v 27 8512311
e 1 0 1,1020 2,5980 3,5980 4,2380 5,2380 6,1530
e 2 0 7,15120
e 3 0 8,210 9,465 10,290
e 4 0 7,17760
e 5 0 11,2550 12,2520 13,3180 14,4050 15,3390 16,1500 17,1260 18,2550 10,1740
e 6 0 19,3540 20,3540 21,2040 22,2040 23,2040 24,3400
e 7 0 25,1485 26,6000 27,1770
end
v 1 21754
v 2 22086
v 3 22910
v 4 84879
e 1 0 1,9810 2,20400 3,10200 4,1352
end
end
v 1 21506
v 2 22835
v 3 22568
v 4 22569
v 5 22570
v 6 22644
v 7 22645
v 8 37450
v 9 84665
v 10 21756
v 11 22469
e 1 0 1,42 2,465
e 2 0 3,3000 4,1500 5,3000 6,1740 7,1740 8,1770 9,2380
e 3 0 10,3960
e 4 0 11,77586
end
v 1 8512311
v 2 79321
v 3 22112
v 4 21627
v 5 21692
v 6 22423
v 7 22699
v 8 22745
e 1 0 1,32640
e 2 0 2,51000
e 3 0 3,10200
e 4 0 4,1495 5,1500 6,5100 7,1770 8,1260
end
v 1 22427
v 2 21801
v 3 21802
v 4 22086
v 5 22594
v 6 22595
v 7 84347
v 8 22379
v 9 22381
v 10 8509912
v 11 22834
v 12 22867
v 13 21108
v 14 21109
v 15 21355
v 16 21733
v 17 22645
v 18 22804
v 19 22810
v 20 22968
v 21 8512311
v 22 23
e 1 0 1,1785
e 2 0 2,1512 3,1512 4,3540 5,2040 6,1020 7,1530
e 3 0 8,27750 9,18500 10,49500
e 4 0 11,17760 12,35520
e 5 0 13,2295 14,1350 15,1500 16,1770 17,1740 18,1770 19,1770 20,1990 21,1770
e 6 0 22,92459
end
v 1 21900
v 2 21901
v 3 22087
v 4 22585
v 5 84879
v 6 22618
v 7 21143
v 8 21586
v 9 22294
v 10 22988
v 11 48138
v 12 48187
v 13 84946
v 14 84947
e 1 0 1,1560 2,1560 3,3540 4,15264 5,10816
e 2 0 6,1990
e 3 0 7,1170 8,765 9,750 10,125 11,1590 12,795 5,1183 13,2250 14,2250
end
v 1 21733
v 2 22112
v 3 22113
v 4 22158
v 5 22469
v 6 22470
v 7 71477
v 8 84945
v 9 85150
v 10 8512311
v 11 21524
v 12 22900
v 13 48138
v 14 48185
v 15 48194
v 16 85048
v 17 20967
v 18 20969
v 19 20972
v 20 21621
v 21 21833
v 22 22101
v 23 8402917
v 24 8509912
e 1 0 1,1770 2,2970 3,1500 4,4720 5,1980 6,1770 7,13200 8,1020 9,1530 10,1770
e 2 0 11,1590 12,1180 13,3180 14,3975 15,3975
e 3 0 16,1590
e 4 0 17,1500 18,1500 19,1500 20,1700 21,4056 22,2520 23,3000 24,1950
end
v 1 21622
v 2 21914
v 3 21915
v 4 4600028
v 5 8497022
v 6 8497028
v 7 8512311
v 8 21012
v 9 22791
v 10 22792
v 11 84946
v 12 8402915
v 13 8491212
v 14 20713
v 15 22385
v 16 22663
v 17 8509916
v 18 22112
v 19 22113
v 20 22114
v 21 22348
v 22 22835
v 23 72741
e 1 0 1,3960 2,3000 3,3000 4,1740 5,1140 6,2040 7,8160
e 2 0 8,1260 9,1500 10,1020 11,1500 12,3000 13,1500
e 3 0 14,390 15,585 16,585 17,390
e 4 0 18,1485 19,1500 20,1580 21,1020 22,1860 23,1305
end
v 1 22961
v 2 21054
v 3 22139
v 4 22733
v 5 22752
v 6 8504911
v 7 21494
v 8 22086
v 9 22637
v 10 22822
v 11 84352
v 12 22110
v 13 22835
v 14 8503411
v 15 8503413
v 16 21352
v 17 22469
v 18 22794
v 19 22845
v 20 71053
v 21 84949
v 22 8513613
e 1 0 1,1740
e 2 0 2,895 3,495 4,125 5,850 6,125
e 3 0 7,1500 8,5310
e 4 0 9,4080 10,7140 11,5980
e 5 0 12,255 13,465 14,425 15,425
e 6 0 16,1350 17,1980 18,1590 19,1270 20,1500 21,1980 22,1590
end
v 1 21730
v 2 84347
v 3 1809713
v 4 8497022
v 5 8502612
v 6 8512311
v 7 8523112
v 8 9017514
v 9 22830
v 10 22188
v 11 22189
v 12 82484
e 1 0 1,1485 2,1530 3,1530 4,1140 5,850 6,1770 7,1020 8,1790
e 2 0 9,59520
e 3 0 10,8316 11,8316 12,22944
end
v 1 21769
v 2 22507
v 3 22765
v 4 85064
v 5 21143
e 1 0 1,52770 2,80288 3,22747 4,62080
e 2 0 5,4680
end
v 1 22168
v 2 22179
v 3 22763
v 4 22943
v 5 48194
v 6 84763
e 1 0 1,850 2,675 3,995 4,495 5,795 6,10176
end
v 1 22158
v 2 22867
e 1 0 1,32640
e 2 0 1,2360 2,2520
end
v 1 21723
v 2 21725
v 3 21726
v 4 22644
v 5 22804
v 6 22969
v 7 72741
v 8 84978
v 9 8512311
v 10 21463
v 11 21754
v 12 21871
v 13 22111
v 14 22191
v 15 22568
v 16 22569
v 17 82582
v 18 8200128
v 19 8402915
v 20 20979
v 21 21429
v 22 22467
v 23 22625
v 24 22627
v 25 8504915
v 26 26252829
v 27 22816
v 28 21906
v 29 22495
v 30 22555
v 31 22557
v 32 22567
v 33 22915
v 34 22926
v 35 22953
e 1 0 1,1020 2,1020 3,1020 4,1740 5,3540 6,1740 7,1305 8,1500 9,3540
e 2 0 10,1190 11,1785 12,1500 13,10200 14,1700 15,8136 16,8136 17,2520 18,8136 19,8136
e 3 0 20,4000 21,1650 22,7560 23,18360 24,5100 25,3000 26,12600
e 4 0 27,504
e 5 0 28,2700 29,1770 30,1980 31,1980 32,3000 33,4320 34,7140 35,3000
end
v 1 20985
v 2 21107
v 3 21843
v 4 22114
v 5 22644
v 6 22646
v 7 22667
v 8 71053
v 9 71477
v 10 21975
v 11 22816
v 12 22865
v 13 84836
v 14 8424715
v 15 21213
v 16 22553
v 17 22910
v 18 22952
v 19 84692
v 20 84946
v 21 22972
v 22 22974
v 23 22975
v 24 22977
v 25 20725
v 26 21122
v 27 22384
v 28 21463
v 29 21464
v 30 22435
v 31 84945
v 32 22726
v 33 3500412
v 34 3500413
e 1 0 1,1500 2,1770 3,1095 4,4740 5,1740 6,1740 7,1770 8,8136 9,13200
e 2 0 10,110 11,504 12,1050 13,500 14,295
e 3 0 15,1320 3,13140 16,3960 17,5310 18,2640 19,1050 20,3000
e 4 0 21,1980 22,1980 23,1500 24,4500
e 5 0 25,8250 26,6000 27,8250
e 6 0 28,7920 29,6800 30,4500 31,27648
e 7 0 32,3000 33,5580 34,22320
end
v 1 22427
v 2 22773
v 3 22775
v 4 22776
v 5 22789
v 6 22798
v 7 22800
v 8 22801
v 9 22805
v 10 22771
v 11 22822
v 12 20685
v 13 21154
v 14 21155
v 15 21313
v 16 21524
v 17 21621
v 18 82583
v 19 8509912
v 20 8512311
v 21 21755
v 22 21908
v 23 22671
v 24 82483
v 25 82486
v 26 85150
v 27 85152
v 28 8492411
v 29 15034
v 30 16237
v 31 20972
v 32 22149
v 33 22150
v 34 22421
v 35 22568
v 36 22569
v 37 22749
v 38 8453612
v 39 21428
v 40 21735
v 41 21870
v 42 22961
e 1 0 1,1785 2,1500 3,1500 4,1990 5,1560 6,2360 7,1500 8,1500 9,1500
e 2 0 10,1500 11,2380
e 3 0 12,6750 13,1250 14,2520 15,6144 16,6750 17,5100 18,2520 19,1950 20,8160
e 4 0 21,3570 22,2520 23,1980 24,7920 25,8340 26,3060 27,2520 28,1500
e 5 0 29,336 30,630 31,1500 32,1260 33,1170 34,504 35,1500 36,1500 37,1500 38,672
e 6 0 39,1700 40,19710 41,7632 42,1740
end
v 1 22469
v 2 22930
v 3 22931
v 4 22932
v 5 22935
v 6 21258
v 7 21930
v 8 8509912
v 9 21232
v 10 21481
v 11 21524
v 12 21967
v 13 22158
v 14 22174
v 15 22688
v 16 84077
v 17 4817313
v 18 22144
v 19 84347
v 20 84945
v 21 8519922
v 22 21034
v 23 21080
v 24 21238
v 25 21246
v 26 22343
v 27 8499712
v 28 22509
e 1 0 1,1980
e 2 0 2,15120 3,15120 4,15120 5,19800
e 3 0 6,35040
e 4 0 7,1950 8,1950
e 5 0 9,3000 10,3540 11,13500 12,696 13,2360 14,7104 15,6750 16,1392 17,6750
e 6 0 18,7400 19,12240 20,6120 21,2340
e 7 0 22,95 23,340 24,1020 25,990 26,510 27,9750
e 8 0 6,8760 28,5980
end
v 1 21068
v 2 21116
v 3 21260
v 4 21523
v 5 21658
v 6 48138
v 7 23
v 8 20727
v 9 22577
v 10 35968
v 11 72127
v 12 72130
v 13 72131
v 14 72132
v 15 72709
v 16 85118
v 17 22761
v 18 22762
v 19 82483
v 20 82486
v 21 85067
v 22 9018411
v 23 9018412
v 24 21231
v 25 21232
v 26 22131
v 27 22175
v 28 22196
v 29 22296
v 30 22423
v 31 22457
v 32 37448
v 33 48194
v 34 21275
v 35 21407
v 36 21624
v 37 22469
v 38 22508
v 39 22624
v 40 22415
v 41 47566
v 42 71053
v 43 22112
v 44 22114
v 45 22470
v 46 22694
v 47 22834
v 48 22837
v 49 22867
v 50 79321
v 51 90173
v 52 8496814
v 53 21731
v 54 22418
v 55 22449
v 56 22450
v 57 22451
v 58 22617
e 1 0 1,22896 2,2970 3,1950 4,4770 5,3160 6,4770
e 2 0 7,228 8,165 9,510 10,456 11,750 12,390 13,1170 14,1170 15,765 16,1375
e 3 0 17,8780 18,10200 19,7920 20,8340 21,5085
e 4 0 22,4475 23,4475
e 5 0 24,1250 25,1875 26,2340 27,1475 28,850 29,1980 30,17520 31,2065 32,1192 33,6750
e 6 0 34,1695 35,1275 36,1785 37,1980 38,1500 39,1700 21,1895
e 7 0 40,2385
e 8 0 41,18750 42,8136
e 9 0 43,10200 44,3160 45,1770 46,1260 47,5040 48,11160 49,5040
e 10 0 50,10200 51,1500 52,1275
e 11 0 53,3960 54,2040 55,2010 56,2010 57,2010 58,2970 48,1860
end
v 1 22145
v 2 51008
v 3 21790
e 1 0 1,6300
e 2 0 2,59000
e 3 0 3,10368
end
v 1 21174
v 2 21774
v 3 21889
v 4 21892
v 5 21903
v 6 22142
v 7 22531
v 8 22659
v 9 22966
v 10 16014
v 11 21781
v 12 22219
v 13 22485
v 14 22645
v 15 22776
v 16 22777
v 17 22778
v 18 22855
v 19 8512311
v 20 21754
v 21 21755
v 22 22118
v 23 22119
v 24 21155
v 25 22083
v 26 22090
v 27 22378
v 28 22558
v 29 21485
v 30 22086
v 31 22839
v 32 22960
v 33 22969
v 34 84050
v 35 22147
v 36 21143
v 37 22644
v 38 22646
v 39 22937
v 40 22961
v 41 84754
v 42 21098
v 43 22492
v 44 22651
v 45 84946
v 46 1809713
e 1 0 1,195 2,125 3,125 4,125 5,210 6,145 7,42 8,195 9,125
e 2 0 10,32000
e 3 0 11,1495 12,1020 13,2550 14,1740 15,1990 16,1700 17,1580 18,1500 19,3540
e 4 0 20,1785 21,1785 22,1485 23,2085
e 5 0 24,2520 25,1770 26,1770 27,2100 28,12000
e 6 0 29,1485 25,5310 30,1770 31,1495 32,4500 33,3480
e 7 0 34,18000
e 8 0 35,7500
e 9 0 36,2340 37,9000 14,9000 38,9000 39,3060 40,1740 41,1500
e 10 0 42,3000 43,2340 44,1020 45,3000 46,6120
end
v 1 22111
v 2 22113
v 3 22224
v 4 22227
v 5 22796
v 6 8249422
v 7 21815
v 8 22152
v 9 22158
v 10 22580
v 11 22810
v 12 84946
v 13 84949
v 14 21361
v 15 21363
v 16 21754
v 17 21755
v 18 22171
v 19 85172
v 20 85175
v 21 4755912
v 22 8512311
e 1 0 1,1485 2,1500 3,1770 4,1560 5,3980 6,1770
e 2 0 7,1740 8,1008 9,2360 10,1785 11,1770 12,1500 13,990
e 3 0 10,595
e 4 0 14,19710 15,2970 16,9810 17,9810 18,9180 19,3360 20,3360 21,1250 22,8160
end
end
v 1 21524
v 2 22114
v 3 22694
v 4 22835
v 5 85048
v 6 85150
v 7 8249422
v 8 8512311
v 9 22111
v 10 22112
v 11 22804
v 12 21684
v 13 22961
v 14 22962
v 15 22963
v 16 84946
v 17 21116
v 18 21137
v 19 22041
v 20 22169
v 21 22423
v 22 22778
e 1 0 1,1590 2,4740 3,1260 4,3720 5,3180 6,1530 7,3540 8,1770
e 2 0 9,2970 10,1485 2,1580 11,8160
e 3 0 12,1020 13,1740 14,1020 15,1020 16,1500
e 4 0 17,1485 18,16272 19,3060 20,6120 21,17520 22,8136
end
v 1 20685
v 2 22150
v 3 22158
v 4 22350
v 5 22568
v 6 22855
v 7 22960
v 8 22961
v 9 84945
v 10 84946
v 11 21479
v 12 21481
v 13 22112
v 14 22114
v 15 22423
v 16 22697
v 17 22699
v 18 79000
v 19 8402915
v 20 8402917
v 21 22930
v 22 22931
v 23 22932
v 24 22935
v 25 22936
v 26 22937
v 27 21156
v 28 21791
v 29 21918
v 30 22326
v 31 22328
v 32 22468
v 33 22556
v 34 22620
v 35 22636
v 36 26252829
v 37 21166
v 38 21843
v 39 22188
v 40 8504915
v 41 20749
v 42 22469
e 1 0 1,1590 2,1170 3,2360 4,1530 5,1500 6,1500 7,4500 8,1740 9,2040 10,3000
e 2 0 11,32544 12,9180 13,10200 14,33120 15,17520 16,6120 17,6120 18,9360 19,16272 20,8136
e 3 0 21,1530 22,1530 23,1530 24,1950 25,1950 26,1530
e 4 0 21,1530 22,1530 26,1530 7,2550 8,1740
e 5 0 27,1560 28,1500 29,1008 30,1770 31,1770 32,1350 33,1980 34,1500 35,1700 36,1800
e 6 0 37,2340 38,23880 39,12204 19,3000 40,1500
e 7 0 41,7620 15,17520 42,5800
end
v 1 21843
v 2 22667
v 3 26252829
v 4 21190
v 5 22492
v 6 22536
v 7 22560
v 8 22942
v 9 79321
e 1 0 1,2190 2,1770 3,1800
e 2 0 4,15950 5,76670 6,14400 7,26500
e 3 0 8,4250 9,5940
end
v 1 21259
v 2 22617
v 3 22622
v 4 21733
v 5 8512311
v 6 21615
v 7 21616
v 8 22236
v 9 22933
v 10 71053
e 1 0 1,11880 2,10200 3,61200
e 2 0 4,8160 5,8160
e 3 0 6,2250 7,2250 8,13140 9,3540 10,1500
end
v 1 22158
v 2 22465
v 3 22470
v 4 22669
v 5 22696
v 6 22726
v 7 22727
v 8 22840
v 9 47566
v 10 8512311
v 11 20974
v 12 22441
v 13 22502
v 14 22969
v 15 71477
v 16 22812
v 17 22821
v 18 84360
v 19 8453412
v 20 20967
v 21 20970
v 22 22480
v 23 22482
v 24 22798
v 25 48184
e 1 0 1,2360 2,1980 3,1770 4,1475 5,1170 6,1500 7,1500 8,1590 9,2325 10,1770
e 2 0 11,1560 12,1680 13,2380 14,1740 15,3900
e 3 0 16,195 17,195 14,1740
e 4 0 18,16740 19,1360
e 5 0 20,375 21,375 22,250 23,250 24,590
e 6 0 25,1590
e 7 0 16,585
end
v 1 10133
v 2 21735
v 3 22300
v 4 22626
v 5 22925
v 6 11001
v 7 16008
v 8 16014
v 9 16015
v 10 16016
v 11 21311
v 12 21544
v 13 22439
v 14 22553
v 15 4750421
v 16 21682
v 17 21683
v 18 21684
v 19 22604
v 20 22625
v 21 22791
v 22 22961
v 23 8452012
v 24 21479
v 25 22113
v 26 8402915
v 27 8402917
v 28 21832
v 29 22419
v 30 22974
e 1 0 1,850 2,5100 3,1530 4,1700 5,1190
e 2 0 6,169 7,50 8,42 9,50 10,170 11,210 12,340 13,65 14,330 15,195
e 3 0 16,5940 17,3540 18,2040 19,1530 20,5100 21,3000 5,1190 22,1740 23,1020
e 4 0 24,1500 25,1500 26,1500 27,1500
e 5 0 28,165 29,42 30,165
end
v 1 3500132
v 2 20977
v 3 20978
v 4 21479
v 5 21481
v 6 22086
v 7 22355
v 8 22553
v 9 22837
v 10 22910
v 11 22142
v 12 22969
v 13 84375
v 14 22197
v 15 22198
v 16 21430
v 17 22772
e 1 0 1,23010
e 2 0 2,2000 3,2000 4,1500 5,1770 6,1770 7,850 8,1980 9,1860 10,1770
e 3 0 11,1740 12,1740 13,2520
e 4 0 14,7200 15,7250
e 5 0 16,1500 17,1500
end
v 1 90033
v 2 90192
v 3 23
v 4 22622
v 5 22961
v 6 47566
v 7 4759011
v 8 4759012
e 1 0 1,255 2,495
e 2 0 3,1500
e 3 0 4,20400 5,1740 6,18750 7,1635 8,1635
end
end
v 1 22659
v 2 22988
v 3 37370
e 1 0 1,1950 2,9000 3,7632
end
end
end
v 1 26252829
v 2 21181
v 3 22726
v 4 22728
v 5 8512311
v 6 22057
v 7 22059
v 8 22649
v 9 22892
v 10 37447
v 11 84356
v 12 22810
e 1 0 1,37800
e 2 0 2,8880 3,9000 4,6000 5,16320
e 3 0 6,3576 7,1788 8,3960 9,1500 10,3576 11,1390
e 4 0 12,1770
end
v 1 22551
v 2 22554
v 3 22555
v 4 22556
v 5 22560
v 6 22607
v 7 22904
v 8 22927
v 9 22969
v 10 85150
v 11 20749
v 12 20750
v 13 21232
v 14 22065
v 15 22069
v 16 22130
v 17 85066
v 18 21340
v 19 21733
v 20 22469
v 21 22694
v 22 22695
v 23 22696
v 24 85174
v 25 1716412
v 26 8512311
v 27 21790
v 28 21791
v 29 22752
v 30 47421
v 31 79067
v 32 85048
v 33 22086
v 34 22144
v 35 22197
v 36 22569
v 37 22570
v 38 22766
v 39 22767
v 40 22910
v 41 22960
v 42 22317
v 43 21034
v 44 22470
v 45 82482
v 46 8249422
v 47 8506132
v 48 48116
v 49 48184
e 1 0 1,3960 2,3960 3,3960 4,3960 5,3000 6,6800 7,3540 8,1190 9,3480 10,3060
e 2 0 11,3180 12,3180 13,1500 14,1740 15,1980 16,1020 17,2550
e 3 0 18,2550 19,1770 20,990 21,1260 22,435 23,585 24,1980 25,168 26,1770
e 4 0 27,2040 28,3000 29,3400 30,1008 31,1500 32,7950
e 5 0 33,3540 34,1260 35,1020 36,1500 37,1500 38,2360 39,1990 40,3540 41,2550 17,2550
e 6 0 42,295
e 7 0 43,190 20,3300 44,1770 21,420 23,585 45,765 17,2550 46,885 47,850 26,1475
e 8 0 48,13500
e 9 0 48,6750
e 10 0 43,95
e 11 0 48,13500 49,20250
end
v 1 21212
v 2 21314
v 3 21481
v 4 21977
v 5 22726
v 6 22727
v 7 84991
v 8 8501411
v 9 21704
v 10 21790
v 11 21911
v 12 8450811
v 13 21479
v 14 22834
v 15 22837
v 16 22941
v 17 22942
v 18 8402915
v 19 8402917
e 1 0 1,1320 2,3360 3,1770 4,1320 5,2250 6,3750 7,1320 8,3570
e 2 0 9,15552 10,5184 11,1980 12,20160
e 3 0 13,4500 3,1770 14,2520 15,5580 16,3400 17,1700 18,3000 19,1500
end
v 1 21261
v 2 21472
v 3 21781
v 4 22187
v 5 7280711
v 6 21733
v 7 22086
v 8 22423
v 9 22558
v 10 22816
v 11 22909
v 12 22952
v 13 21463
v 14 22624
v 15 22625
v 16 22627
v 17 79321
v 18 82482
v 19 8249422
v 20 8512311
v 21 22689
v 22 22926
v 23 22960
v 24 22961
v 25 22963
v 26 22965
v 27 84375
v 28 21326
v 29 22178
v 30 22366
v 31 22690
v 32 48116
v 33 48129
v 34 84949
v 35 22434
v 36 22439
v 37 22440
v 38 22940
e 1 0 1,3390 2,6750 3,10200 4,1700 5,3400
e 2 0 6,1770 7,10200 8,7650 9,1788 10,1008 11,1020 12,1320
e 3 0 13,2380 14,1700 15,1700 16,1700 17,2970 18,1530 19,1770 20,8160
e 4 0 21,1590 22,1190 23,2550 24,1740 25,1020 26,1260 27,2340
e 5 0 28,10560 29,10176 30,6750 31,6750 32,6750 33,6750 34,20880
e 6 0 35,390 36,130 37,84 38,425
end
v 1 21034
v 2 48138
v 3 22834
v 4 85048
v 5 22197
v 6 22367
e 1 0 1,190
e 2 0 2,20250
e 3 0 1,570 3,10080 4,795
e 4 0 5,1020 6,1560
end
v 1 22586
v 2 21326
v 3 22791
v 4 22798
v 5 22800
v 6 22801
v 7 84789
v 8 84946
e 1 0 1,3995
e 2 0 2,780 3,1500 4,2360 5,1500 6,1500 7,1500 8,1500
end
v 1 20679
v 2 51008
v 3 150561222
v 4 22943
e 1 0 1,1785 2,13800 3,1785
e 2 0 4,990
end
v 1 21463
v 2 21888
v 3 21912
v 4 21913
v 5 21928
v 6 8450811
e 1 0 1,595 2,375 3,375 4,375 5,195 6,255
end
end
v 1 21259
v 2 22169
v 3 22469
v 4 22667
v 5 22835
v 6 85066
v 7 8403015
e 1 0 1,3570 2,11475 3,825 4,2655 5,930 6,7650 7,425
end
v 1 21136
v 2 21754
v 3 22480
v 4 22726
v 5 22727
v 6 22729
v 7 84879
v 8 85152
v 9 4750318
e 1 0 1,2704 2,1190 3,3000 4,1500 5,375 6,750 7,2704 8,210 9,195
end
v 1 20725
v 2 20728
v 3 21034
v 4 21463
v 5 22371
v 6 22745
v 7 22746
v 8 22791
v 9 22892
v 10 4759112
v 11 17096
v 12 22055
v 13 37449
v 14 20748
v 15 22423
v 16 82483
e 1 0 1,990 2,495 3,95 4,1190 5,3400 6,630 7,630 8,1250 9,1500 10,495
e 2 0 11,29376
e 3 0 12,165 13,995
e 4 0 14,3825 15,35040
e 5 0 16,1190
end
v 1 22113
v 2 22423
v 3 22511
v 4 22834
v 5 22837
v 6 70006
e 1 0 1,12204 2,17520 3,1000 4,4080 5,15300 6,1260
end
v 1 22349
v 2 22358
v 3 22424
v 4 22472
v 5 22481
v 6 22624
v 7 22635
v 8 22700
v 9 72741
e 1 0 1,750 2,590 3,2550 4,495 5,1500 6,850 7,995 8,590 9,5220
end
v 1 22112
v 2 21559
v 3 21931
v 4 22326
v 5 22386
v 6 22663
v 7 22802
e 1 0 1,20400
e 2 0 2,255 3,195 4,295 5,195 6,195 7,1995
end
v 1 21679
v 2 21826
v 3 22802
v 4 20801
v 5 21137
v 6 21876
v 7 22041
v 8 22638
v 9 84946
v 10 7234912
v 11 7235112
v 12 8503512
v 13 8503513
v 14 20893
v 15 22130
v 16 22178
v 17 22460
v 18 84949
v 19 3561012
v 20 3561013
e 1 0 1,85 2,250 3,1995
e 2 0 4,2400 5,16272 6,12096 7,10080 8,5440 9,7632
e 3 0 10,24336 11,24336 12,36000 13,36000
e 4 0 14,7560 15,1020 16,20352 17,3000 18,3960 19,3000 20,3000
end
v 1 21868
v 2 21875
v 3 22467
v 4 22781
v 5 37370
v 6 8492715
v 7 22834
v 8 21733
v 9 22469
v 10 22694
v 11 22696
v 12 82482
v 13 84352
v 14 8249422
v 15 21754
v 16 22795
v 17 48138
v 18 82484
v 19 84879
v 20 85062
v 21 82483
v 22 82486
e 1 0 1,1500 2,1500 3,3060 4,1530 5,1500 6,1260
e 2 0 7,4080
e 3 0 8,885 9,5800 10,630 11,390 12,1530 13,1695 14,1770
e 4 0 15,1785 16,9520 17,1590 12,3060 18,6660 19,4056 20,1980 14,6120
e 5 0 21,1190 22,1590
end
v 1 21034
v 2 21262
v 3 21613
v 4 22457
v 5 22792
v 6 22961
v 7 84832
v 8 85015
v 9 8402915
v 10 8497028
v 11 8523112
e 1 0 1,190
e 2 0 2,1770 3,1770 4,3540 5,2040 6,3480 7,2040 8,9360 9,3000 10,2040 11,2040
end
v 1 21100
v 2 84212
v 3 20829
v 4 21915
v 5 22111
v 6 22112
v 7 22835
v 8 8402917
v 9 8512311
e 1 0 1,1650 2,20160
e 2 0 3,2520 4,4500 5,1485 6,1485 7,2790 8,2250 9,1770
end
u 21730 1
u 22752 1
u 71053 1
u 8402915 1
u 8402917 1
u 8440612 1
u 8512311 1
u 22632 1
u 22633 1
u 22912 1
u 22913 1
u 22914 1
u 22960 1
u 21756 1
u 22086 1
u 21258 1
u 21733 1
u 22114 1
u 22961 1
u 22168 1
u 22662 1
u 22663 1
u 22783 1
u 8504911 1
u 84880 1
u 8509912 1
u 8509913 1
u 21731 1
u 22466 1
u 22779 1
u 22780 1
u 79321 1
u 21889 1
u 21891 1
u 22127 1
u 22128 1
u 22150 1
u 22338 1
u 22502 1
u 22619 1
u 22827 1
u 84879 1
u 22180 1
u 3500412 1
u 3500413 1
u 22969 1
u 22837 1
u 22910 1
u 22867 1
u 26252829 1
u 20914 1
u 21494 1
u 21915 1
u 22767 1
u 22768 1
u 22938 1
u 8249422 1
u 21479 1
u 21481 1
u 21485 1
u 22111 1
u 22113 1
u 17021 1
u 21154 1
u 22059 1
u 22188 1
u 22189 1
u 84678 1
u 82552 1
u 21441 1
u 22423 1
u 22784 1
u 21326 1
u 84947 1
u 22485 1
u 22807 1
u 22865 1
u 22866 1
u 22854 1
u 21106 1
u 21107 1
u 21111 1
u 22697 1
u 21135 1
u 21929 1
u 22173 1
u 22411 1
u 22624 1
u 22625 1
u 22626 1
u 21743 1
u 22164 1
u 22187 1
u 22222 1
u 22487 1
u 22627 1
u 22947 1
u 72598 1
u 20754 1
u 21843 1
u 22680 1
u 22740 1
u 22797 1
u 22825 1
u 22112 1
u 22834 1
u 72817 1
u 20697 1
u 22716 1
u 20749 1
u 21922 1
u 22336 1
u 22597 1
u 22599 1
u 22694 1
u 35961 1
u 22802 1
u 22366 1
u 22876 1
u 22953 1
u 5101411 1
u 5101413 1
u 5101422 1
u 8488411 1
u 21452 1
u 21818 1
u 22798 1
u 22800 1
u 22909 1
u 22941 1
u 22964 1
u 22976 1
u 8519928 1
u 37446 1
u 37449 1
u 21369 1
u 21372 1
u 21668 1
u 22771 1
u 22772 1
u 22773 1
u 22774 1
u 22805 1
u 21231 1
u 22645 1
u 22646 1
u 22915 1
u 21781 1
u 22457 1
u 22835 1
u 84836 1
u 22178 1
u 22791 1
u 84755 1
u 8497022 1
u 21232 1
u 21864 1
u 22095 1
u 84050 1
u 1505626 1
u 20725 1
u 22147 1
u 21484 1
u 22726 1
u 22728 1
u 22729 1
u 20727 1
u 22965 1
u 22966 1
u 22972 1
u 22974 1
u 22975 1
u 22988 1
u 21156 1
u 22725 1
u 22730 1
u 22846 1
u 22848 1
u 21472 1
u 21524 1
u 22519 1
u 22804 1
u 21624 1
u 21967 1
u 22900 1
u 8492611 1
u 21421 1
u 21422 1
u 22617 1
u 21056 1
u 22727 1
u 22968 1
u 84945 1
u 22792 1
u 22863 1
u 72741 1
u 84832 1
u 8497028 1
u 8523112 1
u 22962 1
u 22963 1
u 21137 1
u 10135 1
u 21790 1
u 21791 1
u 22422 1
u 22491 1
u 22492 1
u 22536 1
u 22549 1
u 22561 1
u 22737 1
u 22952 1
u 22469 1
u 21385 1
u 22465 1
u 22855 1
u 8506132 1
u 21288 1
u 22812 1
u 21014 1
u 21801 1
u 21803 1
u 40016 1
u 72816 1
u 21563 1
u 21769 1
u 22442 1
u 22595 1
u 22759 1
u 8484611 1
u 22659 1
u 21703 1
u 22555 1
u 22616 1
u 21217 1
u 22806 1
u 22840 1
u 22841 1
u 22893 1
u 21625 1
u 22367 1
u 22839 1
u 22898 1
u 22955 1
u 22956 1
u 4759114 1
u 20750 1
u 21428 1
u 21430 1
u 22077 1
u 22736 1
u 22738 1
u 85177 1
u 8518413 1
u 22191 1
u 22426 1
u 22634 1
u 7276012 1
u 21116 1
u 21155 1
u 21527 1
u 1506012 1
u 22558 1
u 20975 1
u 21500 1
u 22940 1
u 8509916 1
u 1211242158 1
u 8403211 1
u 8403212 1
u 20961 1
u 20963 1
u 84946 1
u 85178 1
u 21314 1
u 21982 1
u 22084 1
u 20970 1
u 9000214 1
u 21463 1
u 21464 1
u 22179 1
u 22735 1
u 22579 1
u 82578 1
u 82580 1
u 82581 1
u 21833 1
u 22275 1
u 22508 1
u 8501411 1
u 84077 1
u 21928 1
u 22207 1
u 21925 1
u 21927 1
u 22763 1
u 71477 1
u 85066 1
u 22655 1
u 15036 1
u 72232 1
u 22890 1
u 20956 1
u 21807 1
u 22065 1
u 22067 1
u 22155 1
u 22161 1
u 84347 1
u 21930 1
u 21786 1
u 22539 1
u 22544 1
u 22661 1
u 20677 1
u 22326 1
u 22554 1
u 22158 1
u 22575 1
u 8513111 1
u 21249 1
u 21328 1
u 21329 1
u 22149 1
u 22300 1
u 22301 1
u 22636 1
u 7280312 1
u 22959 1
u 21523 1
u 48138 1
u 48185 1
u 1708427 1
u 1709011 1
u 1709120 1
u 16235 1
u 21027 1
u 21095 1
u 21161 1
u 21239 1
u 22907 1
u 84539 1
u 90096 1
u 90099 1
u 8504917 1
u 20728 1
u 22383 1
u 22384 1
u 22943 1
u 21700 1
u 22844 1
u 37448 1
u 16016 1
u 22171 1
u 22331 1
u 22445 1
u 22926 1
u 8484914 1
u 21509 1
u 22409 1
u 22470 1
u 20658 1
u 20669 1
u 20726 1
u 21992 1
u 22335 1
u 22337 1
u 22339 1
u 22572 1
u 22573 1
u 22072 1
u 22775 1
u 21754 1
u 21755 1
u 22083 1
u 84949 1
u 9016212 1
u 9016214 1
u 21216 1
u 22666 1
u 22927 1
u 20828 1
u 21955 1
u 22654 1
u 7234912 1
u 8512413 1
u 20967 1
u 21429 1
u 22021 1
u 22271 1
u 22569 1
u 22750 1
u 22751 1
u 8520611 1
u 21034 1
u 21802 1
u 22272 1
u 22273 1
u 22570 1
u 22574 1
u 22629 1
u 22902 1
u 20685 1
u 20966 1
u 21556 1
u 85215 1
u 21136 1
u 82484 1
u 85062 1
u 85064 1
u 8512412 1
u 22847 1
u 22849 1
u 22450 1
u 20972 1
u 22749 1
u 22810 1
u 22942 1
u 21055 1
u 22141 1
u 22144 1
u 85048 1
u 20781 1
u 20802 1
u 21713 1
u 22052 1
u 22310 1
u 22389 1
u 22705 1
u 22811 1
u 21259 1
u 21844 1
u 22439 1
u 22584 1
u 22630 1
u 22652 1
u 21531 1
u 22073 1
u 22468 1
u 48184 1
u 21931 1
u 22174 1
u 21289 1
u 21291 1
u 7903014 1
u 8496816 1
u 22080 1
u 22197 1
u 21175 1
u 21868 1
u 22041 1
u 82582 1
u 8504915 1
u 20897 1
u 20903 1
u 21114 1
u 82486 1
u 84744 1
u 21948 1
u 22328 1
u 71403 1
u 84375 1
u 84380 1
u 21349 1
u 22119 1
u 22121 1
u 22577 1
u 22592 1
u 21181 1
u 21870 1
u 21874 1
u 22192 1
u 22556 1
u 22620 1
u 22699 1
u 21407 1
u 22637 1
u 22456 1
u 22816 1
u 47580 1
u 1809413 1
u 4000512 1
u 21354 1
u 22593 1
u 22754 1
u 22755 1
u 22196 1
u 22842 1
u 21744 1
u 22600 1
u 22602 1
u 21506 1
u 22568 1
u 22644 1
u 37450 1
u 84665 1
u 21627 1
u 21692 1
u 22745 1
u 22427 1
u 22594 1
u 22379 1
u 22381 1
u 21108 1
u 21109 1
u 21355 1
u 23 1
u 21900 1
u 21901 1
u 22087 1
u 22585 1
u 22618 1
u 21143 1
u 21586 1
u 22294 1
u 48187 1
u 85150 1
u 48194 1
u 20969 1
u 21621 1
u 22101 1
u 21622 1
u 21914 1
u 4600028 1
u 21012 1
u 8491212 1
u 20713 1
u 22385 1
u 22348 1
u 21054 1
u 22139 1
u 22733 1
u 22822 1
u 84352 1
u 22110 1
u 8503411 1
u 8503413 1
u 21352 1
u 22794 1
u 22845 1
u 8513613 1
u 1809713 1
u 8502612 1
u 9017514 1
u 22830 1
u 22507 1
u 22765 1
u 84763 1
u 21723 1
u 21725 1
u 21726 1
u 84978 1
u 21871 1
u 8200128 1
u 20979 1
u 22467 1
u 21906 1
u 22495 1
u 22557 1
u 22567 1
u 20985 1
u 22667 1
u 21975 1
u 8424715 1
u 21213 1
u 22553 1
u 84692 1
u 22977 1
u 21122 1
u 22435 1
u 22776 1
u 22789 1
u 22801 1
u 21313 1
u 82583 1
u 21908 1
u 22671 1
u 82483 1
u 85152 1
u 8492411 1
u 15034 1
u 16237 1
u 22421 1
u 8453612 1
u 21735 1
u 22930 1
u 22931 1
u 22932 1
u 22935 1
u 22688 1
u 4817313 1
u 8519922 1
u 21080 1
u 21238 1
u 21246 1
u 22343 1
u 8499712 1
u 22509 1
u 21068 1
u 21260 1
u 21658 1
u 35968 1
u 72127 1
u 72130 1
u 72131 1
u 72132 1
u 72709 1
u 85118 1
u 22761 1
u 22762 1
u 85067 1
u 9018411 1
u 9018412 1
u 22131 1
u 22175 1
u 22296 1
u 21275 1
u 22415 1
u 47566 1
u 90173 1
u 8496814 1
u 22418 1
u 22449 1
u 22451 1
u 22145 1
u 51008 1
u 21174 1
u 21774 1
u 21892 1
u 21903 1
u 22142 1
u 22531 1
u 16014 1
u 22219 1
u 22777 1
u 22778 1
u 22118 1
u 22090 1
u 22378 1
u 22937 1
u 84754 1
u 21098 1
u 22651 1
u 22224 1
u 22227 1
u 22796 1
u 21815 1
u 22152 1
u 22580 1
u 21361 1
u 21363 1
u 85172 1
u 85175 1
u 4755912 1
u 21684 1
u 22169 1
u 22350 1
u 79000 1
u 22936 1
u 21918 1
u 21166 1
u 21190 1
u 22560 1
u 22622 1
u 21615 1
u 21616 1
u 22236 1
u 22933 1
u 22669 1
u 22696 1
u 20974 1
u 22441 1
u 22821 1
u 84360 1
u 8453412 1
u 22480 1
u 22482 1
u 10133 1
u 22925 1
u 11001 1
u 16008 1
u 16015 1
u 21311 1
u 21544 1
u 4750421 1
u 21682 1
u 21683 1
u 22604 1
u 8452012 1
u 21832 1
u 22419 1
u 3500132 1
u 20977 1
u 20978 1
u 22355 1
u 22198 1
u 90033 1
u 90192 1
u 4759011 1
u 4759012 1
u 37370 1
u 22057 1
u 22649 1
u 22892 1
u 37447 1
u 84356 1
u 22551 1
u 22607 1
u 22904 1
u 22069 1
u 22130 1
u 21340 1
u 22695 1
u 85174 1
u 1716412 1
u 47421 1
u 79067 1
u 22766 1
u 22317 1
u 82482 1
u 48116 1
u 21212 1
u 21977 1
u 84991 1
u 21704 1
u 21911 1
u 8450811 1
u 21261 1
u 7280711 1
u 22689 1
u 22690 1
u 48129 1
u 22434 1
u 22440 1
u 22586 1
u 84789 1
u 20679 1
u 150561222 1
u 21888 1
u 21912 1
u 21913 1
u 8403015 1
u 4750318 1
u 22371 1
u 22746 1
u 4759112 1
u 17096 1
u 22055 1
u 20748 1
u 22511 1
u 70006 1
u 22349 1
u 22358 1
u 22424 1
u 22472 1
u 22481 1
u 22635 1
u 22700 1
u 21559 1
u 22386 1
u 21679 1
u 21826 1
u 20801 1
u 21876 1
u 22638 1
u 7235112 1
u 8503512 1
u 8503513 1
u 20893 1
u 22460 1
u 3561012 1
u 3561013 1
u 21875 1
u 22781 1
u 8492715 1
u 22795 1
u 21262 1
u 21613 1
u 85015 1
u 21100 1
u 84212 1
u 20829 1
