v 1 214
v 2 260
v 3 763
v 4 195
v 5 385
v 6 778
v 7 961
v 8 12
v 9 328
v 10 871
v 11 934
v 12 282
v 13 359
v 14 715
v 15 16
v 16 586
v 17 785
v 18 898
v 19 975
v 20 1368
v 21 1551
v 22 151
v 23 557
v 24 1299
v 25 128
v 26 224
v 27 540
v 28 667
v 29 1276
v 30 1336
v 31 1453
v 32 803
v 33 1346
v 34 258
v 35 1147
v 36 308
v 37 475
v 38 1130
v 39 1350
v 40 1440
v 41 497
v 42 701
v 43 248
v 44 354
v 45 760
v 46 774
v 47 1222
v 48 1430
v 49 1502
v 50 1234
v 51 1505
v 52 27
v 53 110
v 54 366
v 55 610
v 56 843
v 57 1065
v 58 1381
v 59 1419
v 60 638
v 61 1191
v 62 1347
v 63 216
v 64 326
v 65 409
v 66 925
v 67 1291
v 68 1314
v 69 157
v 70 284
v 71 480
v 72 646
v 73 657
v 74 890
v 75 1399
e 1 0 1,846 2,552 3,1019
e 2 0 4,354 5,312 6,816 7,262
e 3 0 8,462 9,504 10,1016 11,330
e 4 0 12,279 13,528 14,310
e 5 0 15,1149 16,568 17,684 18,522 19,1128 20,710 21,231
e 6 0 22,582 23,272 24,552
e 7 0 25,106 26,346 27,153 28,798 29,429 30,1356 31,622
e 8 0 32,702 33,940
e 9 0 34,516 35,426
e 10 0 36,872 37,783 38,465 39,276 40,843
e 11 0 41,748 42,150
e 12 0 43,344 44,1125 45,561 46,735 47,490 48,1344 49,1124
e 13 0 50,224 51,1100
e 14 0 52,795 53,705 54,708 55,908 56,882 57,564 58,651 59,249
e 15 0 60,944 61,420 62,531
e 16 0 15,1532 63,1080 64,494 65,1173 66,304 67,690 68,192
e 17 0 69,885 70,396 71,676 27,153 72,384 73,424 74,522 75,356
end
v 1 128
v 2 404
v 3 544
v 4 854
v 5 747
v 6 1070
v 7 1236
v 8 573
v 9 1182
v 10 1255
v 11 1498
v 12 279
v 13 606
v 14 623
v 15 895
v 16 393
v 17 853
v 18 942
v 19 1535
v 20 749
v 21 1358
v 22 892
v 23 1003
v 24 1086
v 25 35
v 26 445
v 27 851
v 28 1483
v 29 1520
v 30 75
v 31 318
v 32 512
v 33 668
v 34 867
v 35 1394
v 36 1450
v 37 1471
v 38 388
v 39 1324
v 40 222
v 41 266
v 42 1108
v 43 1551
v 44 130
v 45 910
v 46 933
v 47 1089
v 48 1172
v 49 1393
e 1 0 1,212 2,375 3,885 4,320
e 2 0 5,732 6,1053 7,1328
e 3 0 8,1017 9,420 10,248 11,690
e 4 0 12,846 13,530 14,540 15,130
e 5 0 16,448 17,776 18,468 19,584
e 6 0 20,801 21,840
e 7 0 22,546 23,312 24,759
e 8 0 25,663 26,692 27,1003 28,639 29,693
e 9 0 30,204 31,741 32,1096 33,1572 34,564 35,505 36,1385 37,465
e 10 0 38,705 39,993 21,630
e 11 0 40,1580 41,810 42,819 43,463
e 12 0 44,669 45,736 46,1352 47,494 48,831 49,740
end
v 1 68
v 2 390
v 3 557
v 4 973
v 5 1156
v 6 1432
v 7 1522
v 8 204
v 9 1513
v 10 473
v 11 1515
v 12 329
v 13 1111
v 14 1272
v 15 1455
v 16 1531
v 17 69
v 18 306
v 19 340
v 20 356
v 21 133
v 22 200
v 23 337
v 24 753
v 25 1063
v 26 227
v 27 670
v 28 942
v 29 1275
v 30 1312
v 31 455
v 32 622
v 33 705
v 34 645
v 35 678
v 36 761
v 37 1017
v 38 1267
v 39 1367
v 40 1394
v 41 1504
v 42 619
v 43 642
v 44 902
v 45 1397
v 46 49
v 47 536
v 48 1351
v 49 217
v 50 727
v 51 756
v 52 1366
v 53 1426
v 54 1543
v 55 24
v 56 257
v 57 833
v 58 893
v 59 1210
v 60 1339
v 61 398
v 62 458
v 63 575
v 64 808
v 65 903
v 66 1346
v 67 80
v 68 323
v 69 556
v 70 778
v 71 1095
v 72 1132
v 73 1165
v 74 263
v 75 546
v 76 633
v 77 1099
v 78 1255
v 79 1548
v 80 110
v 81 127
v 82 197
v 83 813
v 84 268
v 85 634
v 86 657
v 87 917
v 88 1117
e 1 0 1,1068 2,1122 3,272 4,268 5,546 6,540 7,342
e 2 0 8,480 9,570
e 3 0 10,219 11,440
e 4 0 12,522 13,234 14,744 15,1011 16,102
e 5 0 17,930 18,1188 19,252 20,472
e 6 0 21,280 22,795 23,300 24,378 25,636
e 7 0 26,594 27,537 28,702 29,234 30,306
e 8 0 31,672 32,243 33,264
e 9 0 34,664 35,1107 36,509 37,1156 38,640 39,1428 40,759 41,476
e 10 0 42,900 43,498 44,388 45,286
e 11 0 46,1014 47,546 48,501
e 12 0 49,272 50,573 51,803 52,1104 53,1122 54,744
e 13 0 55,865 56,159 57,956 58,364 59,850 60,393
e 14 0 61,160 62,450 63,562 64,278 65,1008 66,470
e 15 0 67,1089 68,1400 69,1300 70,816 71,316 72,664 73,564
e 16 0 74,760 75,834 76,222 77,972 78,372 79,200
e 17 0 80,705 81,348 82,1164 83,434
e 18 0 84,692 85,759 86,636 87,336 88,1092
end
v 1 199
v 2 211
v 3 378
v 4 388
v 5 1254
v 6 1447
v 7 149
v 8 428
v 9 1224
v 10 1237
v 11 1297
v 12 1403
v 13 1487
v 14 376
v 15 493
v 16 1294
v 17 1483
v 18 258
v 19 624
v 20 907
v 21 1061
v 22 468
v 23 541
v 24 844
v 25 1273
v 26 1356
v 27 147
v 28 224
v 29 617
v 30 823
v 31 1179
v 32 1312
v 33 1382
v 34 767
v 35 121
v 36 398
v 37 487
v 38 554
v 39 1080
v 40 1342
v 41 1496
v 42 28
v 43 381
v 44 437
v 45 547
v 46 631
v 47 887
v 48 1130
v 49 1363
v 50 56
v 51 213
v 52 778
v 53 432
v 54 736
v 55 349
v 56 559
v 57 765
v 58 1075
v 59 143
v 60 653
v 61 682
v 62 969
v 63 1291
v 64 1325
v 65 1352
v 66 1468
v 67 551
v 68 751
v 69 761
v 70 967
v 71 1277
v 72 441
v 73 884
v 74 1526
e 1 0 1,501 2,1088 3,222 4,940 5,734 6,888
e 2 0 7,747 8,268 9,372 10,825 11,830 12,1220 13,285
e 3 0 14,681 15,1056
e 4 0 16,344 17,852
e 5 0 18,516 19,984 20,1710 21,664
e 6 0 22,522 23,752 24,662 25,993 26,640
e 7 0 27,256 28,519 29,463 30,686 31,1052
e 8 0 32,765 33,451
e 9 0 34,434
e 10 0 35,894 36,160 37,1040 38,942 39,438 40,1119 41,741
e 11 0 42,1173 43,699 44,591 45,462 46,312 47,720 48,620 49,798
e 12 0 50,142 51,112 52,816 21,830
e 13 0 53,940 54,639
e 14 0 55,468 56,756 57,576 58,308
e 15 0 59,492 60,556 61,244 62,704 63,690 64,715 65,1060 66,252
e 16 0 67,963 68,657 69,509 70,122 71,762
e 17 0 72,113 73,780 74,330
end
v 1 265
v 2 654
v 3 698
v 4 908
v 5 914
v 6 1208
v 7 1357
v 8 9
v 9 99
v 10 692
v 11 1108
v 12 1291
v 13 467
v 14 696
v 15 833
v 16 856
v 17 900
v 18 1116
v 19 1409
v 20 1559
v 21 88
v 22 410
v 23 470
v 24 587
v 25 27
v 26 44
v 27 127
v 28 348
v 29 627
v 30 1205
v 31 1423
v 32 1436
v 33 672
v 34 789
v 35 1022
v 36 1531
v 37 33
v 38 1375
v 39 260
v 40 536
v 41 676
v 42 986
e 1 0 1,722 2,868 3,932 4,276 5,984 6,1148 7,542
e 2 0 8,726 9,944 10,310 11,492 12,690
e 3 0 13,762 14,216 15,717 16,717 17,372 18,505 19,212 20,486
e 4 0 21,344 22,504 23,1450 24,981
e 5 0 25,1060
e 6 0 26,1172 27,348 28,492 29,509 30,520 31,711 32,276
e 7 0 33,1002 34,724 35,453 36,153
e 8 0 25,795 37,408 38,426
e 9 0 39,736 23,869 40,546 41,986 42,700
end
v 1 4
v 2 54
v 3 149
v 4 299
v 5 592
v 6 1235
v 7 1279
v 8 258
v 9 324
v 10 461
v 11 661
v 12 877
v 13 1187
v 14 442
v 15 598
v 16 798
v 17 1324
v 18 1380
v 19 1447
v 20 914
v 21 459
v 22 1274
v 23 1530
e 1 0 1,728 2,1172 3,996 4,672 5,496 6,276 7,1184
e 2 0 8,516 9,591 10,544 11,702 12,474 13,660
e 3 0 14,672 15,608 16,1084 17,662 18,1810 19,888
e 4 0 20,1230
e 5 0 21,192 22,393 23,381
end
v 1 140
v 2 650
v 3 1289
v 4 1349
v 5 1465
v 6 743
v 7 756
v 8 766
v 9 816
v 10 922
v 11 1006
v 12 1226
v 13 1505
v 14 144
v 15 354
v 16 398
v 17 680
v 18 820
v 19 1269
v 20 1390
v 21 306
v 22 545
v 23 955
v 24 1338
v 25 1348
v 26 1554
v 27 346
v 28 422
v 29 999
v 30 1022
v 31 1377
v 32 586
v 33 896
v 34 29
v 35 305
v 36 395
v 37 461
v 38 1121
v 39 1243
v 40 1250
v 41 1403
v 42 32
v 43 289
v 44 1134
v 45 608
v 46 947
v 47 1197
v 48 1324
v 49 61
v 50 217
v 51 783
v 52 1066
e 1 0 1,728 2,620 3,605 4,1160 5,1116
e 2 0 6,384 7,1340 8,186 9,458 10,518 11,856 12,1184 13,1375
e 3 0 14,204 15,450 16,240 17,441 18,210 19,794 20,764
e 4 0 21,1584 22,434 23,766 24,444 25,988 26,762
e 5 0 27,424 28,1468 9,1145 29,542 30,604 31,566
e 6 0 32,426 33,536
e 7 0 34,712 35,1356 36,888 37,544 38,1161 39,472 40,432 41,488
e 8 0 42,572 43,411 44,364
e 9 0 45,204 46,195 47,1256 48,662
e 10 0 49,148 50,136 51,741 52,1156
end
v 1 340
v 2 643
v 3 257
v 4 673
v 5 983
v 6 223
v 7 406
v 8 773
v 9 31
v 10 1119
v 11 337
v 12 404
v 13 614
v 14 620
v 15 774
v 16 1529
e 1 0 1,189 2,552
e 2 0 3,106 4,1096 5,246
e 3 0 6,1276 7,656 8,284
e 4 0 9,620 10,1268
e 5 0 11,225 12,375 13,1512 14,292 15,490 16,981
end
v 1 362
v 2 1138
v 3 17
v 4 300
v 5 349
v 6 439
v 7 445
v 8 595
v 9 888
v 10 1531
v 11 480
v 12 553
v 13 962
v 14 1345
v 15 1368
v 16 476
v 17 1185
v 18 259
v 19 488
v 20 692
v 21 908
v 22 1201
v 23 1251
v 24 1351
v 25 1045
v 26 1382
v 27 7
v 28 236
v 29 279
v 30 562
v 31 1115
v 32 1271
v 33 970
v 34 1313
v 35 451
v 36 828
v 37 1543
v 38 534
v 39 578
v 40 861
v 41 1420
v 42 1450
v 43 54
v 44 183
v 45 426
v 46 659
v 47 1235
v 48 1296
v 49 1485
v 50 93
v 51 736
v 52 780
v 53 1063
v 54 1208
v 55 1358
v 56 213
v 57 230
v 58 301
v 59 351
v 60 767
v 61 773
v 62 916
v 63 99
v 64 299
v 65 825
v 66 881
v 67 1501
e 1 0 1,794 2,488
e 2 0 3,1196 4,1176 5,936 6,1400 7,1038 8,568 9,352 10,204
e 3 0 11,507 12,573 13,561 14,1104 15,1065
e 4 0 16,728 17,405
e 5 0 18,570 19,1036 20,620 21,206 22,1011 23,1074 24,501
e 6 0 25,1480 26,451
e 7 0 27,1044 28,543 29,1410 30,295 31,1000 32,1750
e 8 0 33,1244 34,1568
e 9 0 35,356 36,387
e 10 0 37,496
e 11 0 38,676 39,687 40,980 41,519 42,831
e 12 0 43,1172 44,964 45,240 46,963 47,413 48,1255 49,450
e 13 0 50,384 51,426 52,852 53,1272 54,861 55,420
e 14 0 56,168 57,357 58,159 59,1104 60,434 61,142 62,771
e 15 0 63,944 64,336 65,849 66,362 67,504
end
v 1 415
v 2 432
v 3 502
v 4 552
v 5 864
v 6 968
v 7 975
v 8 1118
v 9 23
v 10 96
v 11 339
v 12 972
v 13 1078
v 14 254
v 15 637
v 16 647
v 17 728
v 18 853
v 19 1163
v 20 321
v 21 891
v 22 54
v 23 487
v 24 697
v 25 703
v 26 997
v 27 1146
e 1 0 1,1164 2,940 3,1268 4,275 5,488 6,512 7,1128 8,1172
e 2 0 9,525 10,633 11,420 12,669 13,656
e 3 0 14,112 15,430 16,1096 17,756 18,1164 19,246
e 4 0 20,723 21,988
e 5 0 22,878 23,1040 24,532 25,1188 26,1316 27,771
end
v 1 52
v 2 711
v 3 834
v 4 1133
v 5 235
v 6 312
v 7 705
v 8 888
v 9 1267
v 10 87
v 11 237
v 12 397
v 13 1092
v 14 1179
v 15 1229
v 16 646
v 17 7
v 18 610
v 19 773
v 20 1016
v 21 124
v 22 140
v 23 211
v 24 261
v 25 683
v 26 827
v 27 1160
v 28 9
v 29 735
v 30 858
v 31 1411
v 32 132
v 33 215
v 34 1524
v 35 569
v 36 602
v 37 685
v 38 941
v 39 1191
v 40 1318
v 41 1428
v 42 406
v 43 755
v 44 855
v 45 547
v 46 558
v 47 1055
v 48 1365
v 49 1290
v 50 1350
v 51 1467
e 1 0 1,434 2,867 3,888 4,616
e 2 0 5,1065 6,852 7,176 8,264 9,480
e 3 0 10,356 11,1072 12,270 13,1190 14,1315 15,520
e 4 0 16,384
e 5 0 17,522 18,681 19,284 20,234
e 6 0 21,363 22,546 23,816 24,1352 25,648 26,190 27,552
e 7 0 28,726 29,294 30,444 31,380
e 8 0 32,576 33,237 34,252
e 9 0 35,948 36,1070 37,306 38,1580 39,840 40,372 41,1158
e 10 0 42,492 7,176 43,894 44,723
e 11 0 45,693 46,240 47,486 48,159
e 12 0 49,642 50,276 51,1552
end
v 1 1280
v 2 354
v 3 398
v 4 614
v 5 1523
v 6 235
v 7 272
v 8 345
v 9 755
v 10 1077
v 11 1160
v 12 222
v 13 312
v 14 384
v 15 628
v 16 1260
v 17 1530
v 18 157
v 19 407
v 20 533
v 21 542
v 22 644
v 23 1376
v 24 1459
v 25 791
v 26 995
v 27 1091
v 28 1124
v 29 1141
v 30 1211
v 31 1241
v 32 79
v 33 146
v 34 672
v 35 1088
v 36 1271
v 37 1348
v 38 1548
e 1 0 1,548
e 2 0 2,900 3,320 4,1134 5,624
e 3 0 6,1065 7,1173 8,633 9,894 10,1472 11,827
e 4 0 12,1185 13,426 14,162 15,560 16,268 17,508
e 5 0 18,590 19,963 20,484 21,453 22,348 23,504 24,429
e 6 0 25,645 26,345 27,712 28,324 29,670 30,758 31,894
e 7 0 32,660 33,766 34,1670 35,996 36,1050 37,1235 38,134
end
v 1 431
v 2 1240
v 3 1296
v 4 1406
v 5 1489
v 6 191
v 7 281
v 8 348
v 9 1290
v 10 1473
v 11 1550
v 12 128
v 13 1470
v 14 218
v 15 235
v 16 305
v 17 355
v 18 771
v 19 777
v 20 921
v 21 103
v 22 303
v 23 829
v 24 886
v 25 1505
v 26 420
v 27 436
v 28 507
v 29 557
v 30 869
v 31 973
v 32 979
v 33 1123
v 34 28
v 35 101
v 36 344
v 37 976
v 38 1082
v 39 550
v 40 733
v 41 933
v 42 943
v 43 1149
v 44 1459
v 45 325
v 46 895
v 47 59
v 48 492
v 49 702
v 50 708
v 51 1001
v 52 1151
v 53 56
v 54 716
v 55 838
v 56 1138
v 57 239
v 58 316
v 59 709
v 60 892
v 61 1271
v 62 92
v 63 241
v 64 401
v 65 1096
v 66 1184
v 67 1233
v 68 53
v 69 175
v 70 263
v 71 729
v 72 885
v 73 1451
v 74 189
v 75 293
v 76 443
v 77 1231
v 78 1298
v 79 1385
v 80 1435
v 81 33
v 82 370
v 83 426
v 84 609
v 85 852
v 86 1401
v 87 409
v 88 203
v 89 237
v 90 825
v 91 952
e 1 0 1,384 2,678 3,501 4,112 5,519
e 2 0 6,574 7,1052 8,369 9,963 10,944 11,724
e 3 0 12,106 13,964
e 4 0 14,1376 15,1065 16,1017 17,324 18,224 19,744 20,405
e 5 0 21,380 22,516 23,651 24,622 25,550
e 6 0 26,681 27,612 28,759 29,544 30,424 31,536 32,1134 33,392
e 7 0 34,1173 35,216 36,684 37,351 38,764
e 8 0 39,480 40,585 41,1014 42,988 43,264 44,429
e 9 0 45,302 46,260
e 10 0 47,560 48,708 49,1920 50,1472 51,1008 52,248
e 11 0 53,142 54,543 55,774 56,976
e 12 0 57,663 58,524 59,113 60,819 61,1050
e 13 0 62,249 63,1164 64,140 65,1280 66,1420 67,292
e 14 0 68,1083 69,1155 70,1140 71,688 72,413 73,486
e 15 0 74,690 75,320 76,266 77,742 78,401 79,960 80,816
e 16 0 81,544 82,368 83,300 84,777 85,276 86,476
e 17 0 87,1564
e 18 0 88,189 89,1072 90,849 91,1164
end
v 1 234
v 2 546
v 3 1016
v 4 1082
v 5 1222
v 6 696
v 7 1172
v 8 88
v 9 121
v 10 205
v 11 874
v 12 947
v 13 1124
v 14 1251
v 15 242
v 16 542
v 17 591
v 18 691
v 19 368
v 20 772
v 21 988
v 22 1298
v 23 1161
v 24 1277
v 25 1510
v 26 1514
v 27 287
v 28 418
v 29 622
v 30 838
v 31 1281
v 32 1456
v 33 44
v 34 580
v 35 587
v 36 924
v 37 1356
v 38 245
v 39 1050
v 40 1067
v 41 1193
e 1 0 1,810 2,834 3,234 4,573 5,490
e 2 0 6,216 7,831
e 3 0 8,344 9,1192 10,813 11,476 12,195 13,243 14,1432
e 4 0 15,518 16,302 17,351 18,855
e 5 0 19,342 20,582 21,1444 22,268
e 6 0 23,1436 24,508 25,384 26,231
e 7 0 27,624 28,948 29,243 30,774 31,831 32,549
e 8 0 33,1172 34,964 35,981 36,810 37,480
e 9 0 38,447 39,512 40,522 41,267
end
v 1 118
v 2 950
v 3 1227
v 4 1366
v 5 1516
v 6 395
v 7 744
v 8 1254
v 9 709
v 10 919
v 11 925
v 12 1218
v 13 1252
v 14 1268
v 15 1368
v 16 110
v 17 176
v 18 1118
v 19 1301
v 20 1378
v 21 284
v 22 101
v 23 157
v 24 267
v 25 350
v 26 849
v 27 866
v 28 1232
v 29 1255
v 30 225
v 31 498
v 32 781
v 33 868
v 34 1340
v 35 302
v 36 552
v 37 1051
v 38 589
v 39 622
v 40 705
v 41 961
v 42 1211
v 43 1311
v 44 1338
v 45 329
v 46 532
v 47 628
v 48 778
v 49 87
v 50 470
v 51 480
v 52 996
v 53 64
v 54 574
v 55 603
v 56 1246
v 57 1273
v 58 1389
v 59 201
v 60 837
v 61 1283
v 62 1526
e 1 0 1,444 2,1041 3,562 4,1104 5,1008
e 2 0 6,444 7,1173 8,1101
e 3 0 9,227 10,462 11,304 12,549 13,684 14,650 15,1420
e 4 0 16,705 17,908 18,878 19,188 20,219
e 5 0 21,198
e 6 0 22,216 23,885 24,249 25,488 26,495 27,1038 28,451 29,248
e 7 0 30,1167 31,765 32,1580 33,716 34,771
e 8 0 35,1035 36,275 37,156
e 9 0 38,1060 39,243 40,264 41,393 42,1516 43,966 44,888
e 10 0 45,522 46,1161 47,420 48,544
e 11 0 49,534 50,869 51,844 52,340
e 12 0 53,322 54,1068 55,246 56,462 57,993 58,789
e 13 0 59,675 60,648 61,158 62,660
end
v 1 376
v 2 1152
v 3 363
v 4 247
v 5 453
v 6 808
v 7 1335
v 8 170
v 9 403
v 10 625
v 11 942
v 12 979
v 13 1109
v 14 1484
v 15 207
v 16 489
v 17 577
v 18 1043
v 19 1199
v 20 1492
v 21 1240
v 22 1311
v 23 281
v 24 319
v 25 385
v 26 1174
v 27 1328
v 28 1373
v 29 1511
v 30 62
v 31 166
v 32 366
v 33 661
v 34 1441
v 35 1464
v 36 1508
e 1 0 1,454 2,526
e 2 0 3,728
e 3 0 4,534 5,584 6,278 7,964
e 4 0 8,1280 9,620 10,483 11,468 12,1512 13,165 14,198
e 5 0 15,248 16,964 17,786 18,471 19,1024 20,455
e 6 0 21,903 22,966
e 7 0 23,1052
e 8 0 24,640 25,312 26,908 27,678 28,720 29,240
e 9 0 30,764 31,741 32,708 33,702 34,393 35,592 36,1062
end
v 1 406
v 2 599
v 3 1088
e 1 0 1,656 2,696 3,996
end
v 1 530
v 2 1106
v 3 1350
v 4 98
v 5 347
v 6 381
v 7 391
v 8 907
v 9 1556
v 10 72
v 11 168
v 12 611
v 13 1253
v 14 1280
v 15 1397
v 16 111
v 17 334
v 18 1193
v 19 1436
v 20 286
v 21 1062
v 22 369
v 23 812
v 24 1085
v 25 1368
v 26 1418
v 27 1455
v 28 313
v 29 949
v 30 1492
v 31 94
v 32 240
v 33 340
v 34 876
v 35 883
v 36 1176
v 37 273
v 38 916
v 39 1120
v 40 1215
v 41 1265
v 42 1336
v 43 1365
v 44 408
v 45 824
v 46 1007
v 47 1084
v 48 1284
v 49 1373
v 50 1477
v 51 303
v 52 361
v 53 1170
v 54 1230
v 55 1337
v 56 1384
v 57 1420
e 1 0 1,752 2,455 3,276
e 2 0 4,366 5,360
e 3 0 6,466 7,393 8,1026 9,795
e 4 0 10,1096 11,504 12,164 13,342 14,411 15,286
e 5 0 16,1044 17,312 18,267 19,276
e 6 0 20,284 21,476
e 7 0 22,919 23,1336 24,448 25,1420 26,483 27,1011
e 8 0 28,855 29,753 30,608
e 9 0 31,124 32,344 33,189 34,342 35,869 36,513
e 10 0 37,654 38,1028 39,684 40,438 41,216 42,1017 43,159
e 11 0 44,660 45,844 46,908 47,274 48,729 49,720 50,1080
e 12 0 51,1290 52,451 53,795 54,231 55,285 56,1285 57,692
end
v 1 756
v 2 852
v 3 1295
v 4 111
v 5 77
v 6 1043
v 7 1065
v 8 1525
e 1 0 1,536 2,138 3,555
e 2 0 4,1044
e 3 0 5,840 6,471 7,564 8,1572
end
v 1 849
v 2 886
v 3 129
v 4 812
v 5 468
v 6 525
v 7 1144
v 8 1300
v 9 113
v 10 362
v 11 395
v 12 508
v 13 1157
v 14 1550
e 1 0 1,495 2,933
e 2 0 3,310 4,1002
e 3 0 5,522 6,1140 7,170 8,290
e 4 0 9,458 10,1588
e 5 0 11,666 12,758 13,1008 14,543
end
v 1 183
v 2 626
v 3 882
v 4 998
v 5 1231
v 6 276
v 7 759
e 1 0 1,482 2,258 3,996 4,500 5,1484
e 2 0 6,772 7,756
end
v 1 81
v 2 357
v 3 497
v 4 807
v 5 701
v 6 1023
v 7 1189
v 8 185
v 9 674
v 10 817
v 11 1426
v 12 1499
v 13 871
v 14 881
v 15 1087
v 16 1397
v 17 55
v 18 115
v 19 232
v 20 465
v 21 561
v 22 363
v 23 386
v 24 436
v 25 789
v 26 846
v 27 956
v 28 1039
v 29 1538
v 30 17
v 31 300
v 32 387
v 33 1009
v 34 1302
e 1 0 1,852 2,540 3,561 4,282
e 2 0 5,300 6,656 7,304
e 3 0 8,171 9,953 10,504 11,748 12,417
e 4 0 13,1016 14,543 15,498 16,429
e 5 0 17,700 18,195 19,789 20,1180 21,231
e 6 0 22,546 23,669 24,306 25,1086 26,513 27,360 28,243 29,1360
e 7 0 30,598 31,1176 32,482 33,1188 34,370
end
v 1 1379
v 2 104
v 3 217
v 4 321
v 5 470
v 6 1259
v 7 1325
v 8 1463
v 9 24
v 10 417
v 11 1392
v 12 61
v 13 340
v 14 1149
v 15 1209
v 16 1315
v 17 1399
v 18 198
v 19 880
v 20 225
v 21 424
v 22 537
v 23 614
v 24 1007
v 25 1213
v 26 389
v 27 1531
e 1 0 1,768
e 2 0 2,778 3,204 4,723 5,869 6,642 7,286 8,594
e 3 0 9,865 10,816 11,415
e 4 0 12,222 13,189 14,176 15,810 16,534 17,712
e 5 0 18,368 19,730
e 6 0 20,1556 21,434 22,795 23,756 24,908 25,586
e 7 0 26,537 27,102
end
v 1 79
v 2 123
v 3 200
v 4 555
v 5 1215
v 6 1338
v 7 120
v 8 330
v 9 630
v 10 779
v 11 68
v 12 89
v 13 471
v 14 998
v 15 162
v 16 605
v 17 860
v 18 977
v 19 1210
v 20 1247
v 21 202
v 22 425
v 23 1284
v 24 1527
v 25 668
v 26 1444
v 27 192
v 28 242
v 29 745
v 30 752
v 31 901
v 32 1195
v 33 1424
v 34 1467
v 35 467
v 36 849
v 37 1286
v 38 1542
v 39 491
v 40 1200
v 41 364
v 42 797
v 43 1007
v 44 1013
v 45 1306
v 46 1356
v 47 1456
v 48 333
v 49 499
v 50 915
v 51 1098
v 52 1154
v 53 1175
v 54 1375
v 55 1464
v 56 306
v 57 449
v 58 782
v 59 1304
v 60 1321
v 61 1391
v 62 313
v 63 919
v 64 956
v 65 1428
v 66 247
e 1 0 1,396 2,1920 3,1060 4,1152 5,584 6,888
e 2 0 7,678 8,1194 9,840 10,362
e 3 0 11,1424 12,476 13,249 14,500
e 4 0 15,1140 16,472 17,702 18,227 19,680 20,504
e 5 0 21,298 22,640 23,729 24,1384
e 6 0 25,1572 26,704
e 7 0 27,455 28,777 29,254 30,254 31,1196 32,332 33,1173 34,1164
e 8 0 35,1524 13,249 36,495 37,270 38,285
e 9 0 39,1404 40,561
e 10 0 41,880 42,876 43,908 44,465 45,741 46,640 47,549
e 11 0 48,528 49,888 50,861 51,278 52,680 53,346 54,852 55,888
e 12 0 56,1584 57,1107 58,468 59,200 60,747 61,463
e 13 0 62,1140 63,462 64,240 65,1158
e 14 0 66,712
end
v 1 99
v 2 848
v 3 1303
v 4 322
v 5 661
v 6 1037
v 7 72
v 8 515
v 9 744
v 10 771
v 11 1120
v 12 442
v 13 745
e 1 0 1,708 2,451 3,272
e 2 0 4,894 5,702 6,174
e 3 0 7,1096 8,382 9,782 10,336 11,513
e 4 0 12,896 13,254
end
v 1 358
v 2 568
v 3 774
v 4 1084
v 5 152
v 6 662
v 7 691
v 8 978
v 9 1043
v 10 1301
v 11 1361
v 12 1477
v 13 560
v 14 760
v 15 770
v 16 976
v 17 1286
v 18 75
v 19 547
v 20 990
v 21 274
v 22 663
v 23 707
v 24 917
v 25 923
v 26 1217
v 27 1366
v 28 66
v 29 281
v 30 980
v 31 1096
v 32 1329
v 33 8
v 34 237
v 35 441
v 36 657
v 37 1100
v 38 278
v 39 384
v 40 388
v 41 777
v 42 1180
v 43 1203
v 44 1459
v 45 573
v 46 929
v 47 1455
v 48 1511
v 49 673
v 50 852
v 51 935
v 52 1155
v 53 200
v 54 577
v 55 683
v 56 687
v 57 1419
v 58 1502
v 59 610
v 60 1319
e 1 0 1,750 2,666 3,735 4,274
e 2 0 5,578 6,459 7,855 8,480 9,628 10,282 11,362 12,810
e 3 0 13,480 14,561 15,549 16,234 17,270
e 4 0 18,136 19,462 20,936
e 5 0 21,748 22,528 23,748 24,448 25,432 26,508 27,552
e 6 0 28,1032 29,526 30,516 31,512 32,495
e 7 0 33,518 34,536 35,56 36,424 37,72
e 8 0 38,672 39,108 40,470 41,372 42,780 43,292 44,143
e 9 0 45,339 46,53 47,505 48,240
e 10 0 49,548 50,138 51,560 52,188
e 11 0 53,530 54,262 55,432 56,291 57,166 58,562
e 12 0 59,227 60,504
end
v 1 973
v 2 1117
v 3 461
v 4 887
v 5 943
v 6 1054
v 7 1137
v 8 681
v 9 1110
v 10 355
v 11 521
v 12 1176
v 13 1397
v 14 1486
v 15 1002
v 16 296
v 17 662
v 18 685
v 19 729
v 20 945
e 1 0 1,134 2,728
e 2 0 3,544 4,360 5,741 6,444 7,177
e 3 0 8,459 9,560
e 4 0 10,243 11,363 12,342 13,286 14,178
e 5 0 15,552
e 6 0 16,50 17,229 18,153 19,344 20,227
end
v 1 566
v 2 603
v 3 676
v 4 853
v 5 1086
v 6 1375
v 7 1409
v 8 1492
v 9 255
v 10 1203
v 11 1474
v 12 1490
v 13 423
v 14 962
v 15 1033
v 16 1505
v 17 352
v 18 1189
v 19 53
v 20 1288
v 21 387
v 22 966
v 23 1122
v 24 87
v 25 383
v 26 1026
v 27 1163
v 28 1186
v 29 1229
v 30 1342
v 31 1446
v 32 1212
v 33 47
v 34 370
v 35 547
v 36 173
v 37 749
v 38 992
v 39 1542
v 40 198
v 41 431
v 42 1007
v 43 1067
v 44 1257
v 45 1513
v 46 1240
v 47 1317
v 48 605
v 49 981
v 50 1077
v 51 1520
v 52 513
v 53 879
v 54 902
v 55 946
v 56 1156
v 57 1162
v 58 1456
v 59 347
v 60 413
v 61 1196
v 62 1202
v 63 1356
v 64 1539
e 1 0 1,178 2,123 3,658 4,776 5,505 6,213 7,53 8,152
e 2 0 9,64 10,292 11,430 12,280
e 3 0 13,294 14,187 15,191 16,550
e 4 0 17,134 18,76
e 5 0 19,1083 20,138
e 6 0 21,723 22,498 23,148
e 7 0 24,178 25,550 26,426 27,164 28,336 29,130 30,746 31,252
e 8 0 32,106
e 9 0 33,257 34,92 35,462
e 10 0 36,286 37,267 38,358 39,95
e 11 0 40,184 41,192 42,454 43,174 44,388 45,380
e 12 0 46,451 47,225
e 13 0 48,236 49,254 50,368 51,231
e 14 0 33,257 52,57 53,222 54,97 55,285 56,182 57,159 58,366
e 15 0 59,120 60,450 61,584 62,1182 63,480 64,716
end
v 1 251
v 2 488
v 3 521
v 4 538
v 5 637
v 6 860
v 7 329
v 8 442
v 9 1484
v 10 182
v 11 549
v 12 1404
v 13 1557
v 14 170
v 15 507
v 16 563
v 17 746
v 18 990
v 19 1539
v 20 194
v 21 211
v 22 484
v 23 1426
v 24 67
v 25 138
v 26 144
v 27 434
v 28 500
v 29 1442
v 30 186
v 31 219
v 32 236
v 33 336
v 34 363
v 35 972
v 36 1444
v 37 226
v 38 259
v 39 342
v 40 1012
v 41 1085
v 42 1261
v 43 1361
v 44 1388
v 45 266
v 46 476
v 47 539
v 48 776
v 49 809
v 50 826
v 51 926
v 52 1148
v 53 2
v 54 102
v 55 225
v 56 231
v 57 524
v 58 558
v 59 1001
v 60 190
v 61 1099
v 62 1328
v 63 1531
v 64 265
v 65 325
v 66 348
v 67 604
v 68 853
v 69 980
v 70 1086
v 71 1090
v 72 69
v 73 272
v 74 489
v 75 301
v 76 512
v 77 578
v 78 718
v 79 1027
e 1 0 1,488 2,259 3,363 4,186 5,86 6,468
e 2 0 7,174 8,448 9,132
e 3 0 10,184 11,168 12,271 13,240
e 4 0 14,640 15,252 16,336 17,796 18,312 19,716
e 5 0 20,336 21,272 22,364 23,374
e 6 0 24,372 25,540 26,51 27,142 28,532 29,328
e 7 0 30,446 31,252 32,181 33,229 34,364 35,669 36,352
e 8 0 37,76 38,190 39,150 40,552 41,224 42,120 43,181 44,350
e 9 0 45,324 46,364 47,374 48,389 49,244 50,183 51,56 52,807
e 10 0 53,222 54,490 55,1167 56,530 57,522 58,80 59,252
e 11 0 60,748 61,972 62,678 63,153
e 12 0 64,1083 65,604 66,369 67,250 68,776 69,516 70,505 71,645
e 13 0 72,620 73,782 74,964
e 14 0 75,159 76,1096 77,458 78,696 79,462
end
v 1 46
v 2 95
v 3 605
v 4 634
v 5 755
v 6 1277
v 7 1321
v 8 503
v 9 703
v 10 713
v 11 780
v 12 919
v 13 1229
v 14 344
v 15 290
v 16 461
v 17 923
v 18 1160
v 19 1193
v 20 1210
v 21 1532
v 22 386
v 23 486
v 24 609
v 25 908
v 26 1384
v 27 249
v 28 419
v 29 648
v 30 785
v 31 808
v 32 852
v 33 1068
v 34 1511
v 35 40
v 36 350
v 37 362
v 38 423
v 39 529
v 40 539
v 41 1359
v 42 1405
v 43 188
v 44 1130
v 45 1473
e 1 0 1,688 2,438 3,708 4,505 5,1192 6,508 7,747
e 2 0 8,372 9,594 10,1384 11,852 12,462 13,390
e 3 0 14,684
e 4 0 15,340 16,816 17,432 18,827 19,267 20,680 21,695
e 5 0 22,669 23,342 24,777 25,206 26,514
e 6 0 27,476
e 7 0 28,1428 29,816 30,911 31,417 32,276 33,422 34,600
e 8 0 35,297 36,488 37,1588 38,441 39,657 40,1122 41,372 42,178
e 9 0 43,774 44,620 45,708
end
v 1 864
v 2 1400
v 3 624
v 4 974
v 5 1483
v 6 1513
v 7 139
v 8 185
v 9 295
v 10 378
v 11 894
v 12 1260
v 13 1327
v 14 1543
v 15 272
v 16 914
v 17 941
v 18 958
v 19 1291
v 20 1387
v 21 311
v 22 382
v 23 854
v 24 998
v 25 1330
v 26 1553
v 27 419
v 28 862
v 29 1118
v 30 1134
v 31 1417
v 32 1467
v 33 1504
e 1 0 1,652 2,172
e 2 0 3,738 4,237 5,852 6,380
e 3 0 7,358 8,171 9,624 10,333 11,113 12,268 13,1152 14,496
e 4 0 15,782 16,738 17,1580 18,272 19,690 20,1047
e 5 0 21,430 22,324 23,640 24,375 25,266 26,558
e 6 0 27,1428 28,819 29,878 30,728 31,722 32,1552 33,318
end
v 1 593
v 2 731
v 3 1147
v 4 1296
v 5 111
v 6 743
v 7 937
v 8 1259
v 9 1319
v 10 1426
v 11 1436
e 1 0 1,748 2,1524 3,426 4,753
e 2 0 5,1392 6,384 7,1444 8,642 9,504 10,748 11,368
end
v 1 884
v 2 75
v 3 724
v 4 907
v 5 1107
v 6 1117
v 7 1323
v 8 499
v 9 1069
v 10 1381
e 1 0 1,780
e 2 0 2,272 3,1176 4,1026 5,540 6,1456 7,882
e 3 0 8,888 9,227 10,868
end
v 1 233
v 2 599
v 3 1036
v 4 1082
v 5 1192
v 6 230
v 7 889
v 8 1012
v 9 1312
v 10 1432
v 11 288
v 12 604
v 13 1237
v 14 1507
v 15 265
v 16 415
v 17 575
v 18 1204
v 19 1270
v 20 1357
v 21 1407
v 22 186
v 23 712
v 24 768
v 25 789
v 26 878
v 27 951
v 28 1194
v 29 545
v 30 579
v 31 662
v 32 918
v 33 1168
v 34 1267
v 35 1294
v 36 294
v 37 444
v 38 1552
e 1 0 1,738 2,927 3,856 4,764 5,294
e 2 0 6,357 7,483 8,1104 9,459 10,360
e 3 0 11,1144 12,500 13,1375 14,919
e 4 0 15,1083 16,1164 17,1124 18,648 19,1345 20,1084 21,315
e 5 0 22,892 23,774 24,1104 25,724 26,374 27,772 28,843
e 6 0 29,580 30,249 31,690 32,594 33,1146 34,800 35,688
e 7 0 36,396 37,518 38,810
end
v 1 177
v 2 504
v 3 793
v 4 545
v 5 944
v 6 1267
v 7 1433
v 8 1443
v 9 374
v 10 584
v 11 884
v 12 934
v 13 1034
v 14 749
v 15 1418
v 16 1491
v 17 87
v 18 320
v 19 1468
v 20 1529
v 21 240
v 22 629
v 23 673
v 24 883
v 25 889
v 26 1332
e 1 0 1,498 2,552 3,570
e 2 0 4,434 5,352 6,480 7,526 8,434
e 3 0 9,596 10,777 11,1040 12,330 13,873
e 4 0 14,801 15,483 16,516
e 5 0 17,356 18,1304 19,504 20,981
e 6 0 21,430 22,220 23,1370 24,869 25,805 26,276
end
v 1 140
v 2 800
v 3 923
v 4 929
v 5 1083
v 6 1266
v 7 442
v 8 671
v 9 808
v 10 831
v 11 875
v 12 1091
v 13 1534
v 14 1382
v 15 190
v 16 446
v 17 795
v 18 1305
v 19 19
v 20 123
v 21 323
v 22 618
v 23 1398
v 24 1421
v 25 1465
v 26 71
v 27 753
e 1 0 1,546 2,977 3,288 4,159 5,150 6,354
e 2 0 7,448 8,878 9,417 10,474 11,1032 12,712 13,1112
e 3 0 14,339
e 4 0 15,748 16,1125 17,288 18,227
e 5 0 19,1595 20,1152 21,1050 22,420 23,1260 24,568 25,836
e 6 0 26,552 27,944
end
v 1 6
v 2 119
v 3 196
v 4 589
v 5 772
v 6 795
v 7 1015
v 8 69
v 9 739
v 10 812
v 11 988
v 12 1115
v 13 1544
v 14 487
v 15 803
v 16 974
v 17 714
v 18 1523
v 19 345
v 20 368
v 21 1110
v 22 1499
v 23 1520
e 1 0 1,345 2,684 3,741 4,795 5,582 6,288 7,438
e 2 0 8,1240 9,714 10,1336 11,1083 12,750 13,292
e 3 0 14,1040 15,1404 16,237
e 4 0 17,540 18,468
e 5 0 19,844 20,342 21,840 22,417 23,462
end
v 1 29
v 2 185
v 3 751
v 4 911
v 5 967
v 6 1033
v 7 210
v 8 913
e 1 0 1,712 2,227 3,876 4,394 5,244 6,382
e 2 0 7,616 8,356
end
v 1 153
v 2 453
v 3 486
v 4 929
v 5 1075
v 6 1175
e 1 0 1,816 2,1460 3,227 4,212 5,462 6,692
end
v 1 590
v 2 623
v 3 640
v 4 739
v 5 523
v 6 723
v 7 733
v 8 939
v 9 1249
v 10 535
e 1 0 1,579 2,360 3,777 4,952
e 2 0 5,516 6,204 7,585 8,210 9,444
e 3 0 10,1420
end
v 1 997
v 2 1467
v 3 282
v 4 492
v 5 498
v 6 652
v 7 1407
v 8 436
e 1 0 1,986 2,1552
e 2 0 3,279 4,531 5,765 6,501 7,189
e 3 0 8,459
end
v 1 373
v 2 789
v 3 972
v 4 1028
v 5 1049
v 6 1248
v 7 1338
v 8 179
v 9 422
v 10 655
v 11 878
v 12 1232
v 13 1398
v 14 1481
v 15 404
v 16 231
v 17 287
v 18 308
v 19 470
v 20 907
v 21 1263
v 22 472
e 1 0 1,1104 2,1086 3,669 4,672 5,786 6,999 7,666
e 2 0 8,825 9,1101 10,924 11,561 12,339 13,944 14,386
e 3 0 15,500
e 4 0 16,530 17,468 18,654 19,869 20,1026 21,166
e 5 0 22,246
end
v 1 534
v 2 911
v 3 68
v 4 262
v 5 584
v 6 750
v 7 1501
e 1 0 1,1014 2,591
e 2 0 3,1068 4,536 5,777 6,390
e 3 0 7,756
end
v 1 526
v 2 137
v 3 409
v 4 509
v 5 680
v 6 742
v 7 1352
v 8 1378
v 9 916
v 10 960
v 11 200
v 12 500
v 13 533
v 14 550
v 15 650
v 16 677
v 17 1548
v 18 240
v 19 1016
v 20 32
v 21 475
v 22 1118
v 23 1161
v 24 1444
v 25 1494
v 26 73
v 27 1155
v 28 67
v 29 139
v 30 955
v 31 116
v 32 313
v 33 1011
v 34 1361
v 35 1437
e 1 0 1,675
e 2 0 2,1110 3,1564 4,570 5,441 6,741 7,795 8,219
e 3 0 9,771 10,645
e 4 0 11,795 12,798 13,484 14,720 15,620 16,888 17,134
e 5 0 18,172 19,351
e 6 0 20,858 21,783 22,878 23,1436 24,704 25,504
e 7 0 26,932 27,752
e 8 0 28,744 29,537 30,1149
e 9 0 31,1588 32,855 33,1268 34,543 35,522
end
v 1 429
v 2 479
e 1 0 1,604
e 2 0 2,860
end
v 1 712
v 2 916
v 3 1228
v 4 1332
v 5 1219
v 6 1541
v 7 220
v 8 276
v 9 460
v 10 1252
v 11 1441
v 12 751
v 13 801
v 14 1077
v 15 1217
v 16 1366
v 17 1527
e 1 0 1,1548 2,514 3,657 4,206
e 2 0 5,472 6,590
e 3 0 7,765 8,1544 9,322 10,911 11,655
e 4 0 12,657 13,1060 14,1104 15,381 16,552 17,692
end
v 1 8
v 2 218
v 3 262
v 4 545
v 5 684
v 6 1254
v 7 398
v 8 1341
v 9 975
v 10 1101
v 11 1497
v 12 1530
v 13 307
v 14 777
v 15 983
v 16 1135
v 17 1139
v 18 457
v 19 600
v 20 933
v 21 1455
v 22 1472
v 23 1542
e 1 0 1,777 2,1032 3,401 4,580 5,272 6,1101
e 2 0 7,240 8,1035
e 3 0 9,752 10,1048 11,1645 12,508
e 4 0 13,444 14,744 15,246 16,588 17,858
e 5 0 18,903 19,462 20,676 21,759 22,660 23,380
end
v 1 21
v 2 464
v 3 1070
v 4 1107
v 5 398
v 6 1307
v 7 487
v 8 504
v 9 574
v 10 624
v 11 1040
v 12 1190
v 13 666
v 14 895
v 15 1265
v 16 383
v 17 599
v 18 459
v 19 509
v 20 786
v 21 803
v 22 925
v 23 1075
v 24 1345
v 25 393
v 26 963
e 1 0 1,699 2,1780 3,1053 4,540
e 2 0 5,160 6,396
e 3 0 7,780 8,736 9,1068 10,738 11,528 12,390
e 4 0 13,267 14,195
e 5 0 15,144
e 6 0 16,550 17,463
e 7 0 18,192 19,760 20,388 21,1404 22,304 23,462 24,1104
e 8 0 25,224 26,720
end
v 1 21
v 2 74
v 3 284
v 4 431
v 5 583
v 6 733
v 7 814
v 8 824
v 9 837
v 10 1340
v 11 291
v 12 853
v 13 1379
v 14 306
v 15 789
e 1 0 1,466 2,471 3,297 4,288 5,483 6,390 7,346 8,422 9,324 10,514
e 2 0 11,888 12,776 13,384
e 3 0 14,1188 15,1086
end
v 1 612
v 2 633
v 3 678
v 4 816
v 5 1015
v 6 1232
v 7 1542
v 8 197
v 9 1152
v 10 530
v 11 896
v 12 919
v 13 1179
v 14 1379
v 15 430
v 16 576
v 17 676
v 18 1212
v 19 1219
v 20 1372
v 21 1512
v 22 1555
v 23 1277
v 24 201
v 25 1144
v 26 1487
e 1 0 1,714 2,222 3,1107 4,687 5,657 6,339 7,380
e 2 0 8,1164 9,526
e 3 0 10,752 11,803 12,462 13,789 14,576
e 4 0 15,720 16,210 17,986 18,212 19,708 20,747 21,108 22,1180
e 5 0 23,762
e 6 0 24,675 25,340 26,285
end
v 1 974
v 2 1511
v 3 36
v 4 65
v 5 708
v 6 735
v 7 1085
v 8 18
v 9 101
v 10 600
v 11 1409
v 12 1465
e 1 0 1,316 2,360
e 2 0 3,720 4,752 5,1472 6,441 7,672
e 3 0 8,534 9,144 10,693 11,159 12,836
end
v 1 84
v 2 161
v 3 361
v 4 450
v 5 517
v 6 1043
v 7 1459
v 8 497
v 9 387
v 10 404
v 11 474
v 12 524
v 13 940
v 14 947
v 15 1090
v 16 117
v 17 273
v 18 472
v 19 999
v 20 1055
v 21 1076
v 22 619
v 23 726
v 24 1135
v 25 1142
e 1 0 1,843 2,455 3,225 4,1348 5,1360 6,314 7,429
e 2 0 8,374
e 3 0 9,482 10,500 11,704 12,869 13,852 14,195 15,645
e 4 0 16,1100 17,1090 18,328 19,542 20,324 21,972
e 5 0 22,900 23,642 24,392 25,885
end
v 1 203
v 2 713
v 3 1029
v 4 1156
v 5 1352
v 6 1385
v 7 1412
v 8 1528
v 9 611
v 10 811
v 11 821
v 12 1027
v 13 1337
v 14 29
v 15 915
v 16 944
e 1 0 1,252 2,1384 3,504 4,546 5,795 6,1200 7,732 8,488
e 2 0 9,246 10,1188 11,573 12,693 13,227
e 3 0 14,534 15,861 16,352
end
v 1 325
v 2 758
v 3 968
v 4 974
v 5 1128
v 6 1268
v 7 1417
v 8 69
v 9 159
v 10 585
v 11 752
v 12 1168
v 13 1351
v 14 1407
v 15 11
v 16 267
v 17 510
v 18 743
v 19 966
v 20 1282
v 21 1320
v 22 1353
v 23 416
v 24 1092
v 25 1248
v 26 923
v 27 906
v 28 1362
v 29 440
v 30 347
v 31 969
v 32 1069
v 33 573
v 34 802
e 1 0 1,604 2,1276 3,512 4,395 5,1305 6,520 7,1083
e 2 0 8,620 9,513 10,872 11,340 12,764 13,501 14,189
e 3 0 15,1404 16,166 17,122 18,288 19,996 20,688 21,798 22,896
e 4 0 23,664 24,476 25,999
e 5 0 26,432
e 6 0 27,126 28,298
e 7 0 29,268
e 8 0 30,240 31,528 32,171
e 9 0 33,1017 34,598
end
v 1 95
v 2 128
v 3 145
v 4 245
v 5 272
v 6 881
v 7 679
v 8 1018
v 9 1268
v 10 1394
v 11 9
v 12 579
v 13 891
v 14 1145
v 15 1361
v 16 1428
e 1 0 1,292 2,159 3,681 4,298 5,1173 6,543
e 2 0 7,447 8,279 9,520 10,505
e 3 0 11,726 12,249 13,494 14,628 15,543 16,1158
end
v 1 604
v 2 893
v 3 467
v 4 294
v 5 477
v 6 843
v 7 5
v 8 1093
v 9 42
v 10 408
v 11 431
v 12 474
v 13 684
v 14 691
v 15 724
v 16 730
v 17 1067
v 18 1500
e 1 0 1,375 2,273
e 2 0 3,762
e 3 0 4,396 5,258 6,1176
e 4 0 7,657 8,843
e 5 0 9,1128 10,660 11,288 12,704 13,272 14,1140
e 6 0 15,1176 16,688 17,522 18,482
end
v 1 73
v 2 316
v 3 865
v 4 949
v 5 1219
v 6 1235
v 7 1468
v 8 1558
v 9 143
v 10 926
v 11 932
v 12 546
v 13 1256
e 1 0 1,932 2,262 3,836 4,1003 5,472 6,413 7,252 8,648
e 2 0 9,738 10,168 11,476
e 3 0 12,556 13,366
end
v 1 420
v 2 1062
v 3 1266
v 4 1362
v 5 1412
v 6 1482
v 7 1512
v 8 1249
v 9 406
v 10 483
v 11 766
v 12 1476
v 13 40
v 14 639
v 15 1006
v 16 1072
v 17 1288
v 18 1442
v 19 1488
v 20 260
v 21 481
v 22 997
v 23 1163
v 24 356
e 1 0 1,681 2,714 3,472 4,447 5,549 6,120 7,108
e 2 0 8,592
e 3 0 9,492
e 4 0 10,388 11,248 12,451
e 5 0 13,198 14,656 15,642 16,585 17,276 18,328 19,702
e 6 0 20,736 21,1140 22,986 23,328
e 7 0 24,472
end
v 1 938
v 2 824
e 1 0 1,483
e 2 0 2,633
end
v 1 22
v 2 159
v 3 575
v 4 885
v 5 365
v 6 864
v 7 1101
v 8 1268
v 9 427
v 10 477
v 11 577
v 12 223
v 13 240
v 14 311
v 15 360
v 16 926
v 17 986
v 18 1046
v 19 1163
v 20 1396
v 21 62
v 22 66
v 23 304
v 24 445
v 25 456
v 26 508
v 27 724
v 28 753
v 29 882
v 30 129
v 31 699
v 32 1011
v 33 1265
v 34 1481
v 35 1548
e 1 0 1,687 2,684 3,843 4,413
e 2 0 5,792 6,652 7,524 8,390
e 3 0 9,856 10,344 11,786
e 4 0 12,1276 13,258 14,860 15,524 16,224
e 5 0 17,1400 18,498 19,164 20,1060
e 6 0 21,764 22,1376 23,378 24,1038 25,1068 26,1516 27,882 28,378 29,747
e 7 0 30,465 31,426 32,1268 33,216 34,579 35,268
end
v 1 3
v 2 836
v 3 1112
v 4 1252
v 5 1401
v 6 280
v 7 630
v 8 725
e 1 0 1,332 2,354 3,716 4,911 5,476
e 2 0 6,362 7,560 8,298
end
v 1 804
v 2 1104
v 3 1137
v 4 1154
v 5 1254
v 6 334
v 7 372
v 8 444
v 9 621
v 10 854
v 11 1177
v 12 1260
v 13 136
v 14 169
v 15 186
v 16 286
v 17 752
v 18 980
v 19 1184
v 20 1401
e 1 0 1,884 2,490 3,531 4,680 5,1468
e 2 0 6,234 7,796 8,1295 9,417 10,640 11,462 12,268
e 3 0 13,1161 14,594 15,669 16,426 17,254 18,516 19,568 20,476
end
v 1 473
v 2 1349
e 1 0 1,219 2,580
end
v 1 543
v 2 600
v 3 1219
v 4 1376
v 5 24
v 6 150
v 7 523
v 8 693
v 9 756
v 10 1332
v 11 1365
v 12 1392
v 13 408
v 14 607
v 15 720
v 16 797
v 17 1190
v 18 1373
v 19 1396
v 20 379
v 21 1121
v 22 1531
v 23 46
v 24 362
v 25 489
v 26 1098
v 27 1158
v 28 1275
v 29 1508
e 1 0 1,656 2,693 3,708 4,504
e 2 0 5,519 6,1380 7,516 8,398 9,536 10,138 11,106 12,249
e 3 0 13,660 14,834 15,258 16,438 17,260 18,720 19,530
e 4 0 20,770 21,1548 22,153
e 5 0 23,688 24,1588 25,723 26,556 27,528 28,351 29,708
end
v 1 1168
v 2 153
v 3 542
v 4 563
v 5 946
v 6 969
v 7 1472
v 8 694
v 9 1220
v 10 1276
v 11 438
v 12 921
v 13 1031
v 14 351
v 15 355
v 16 1147
v 17 1170
e 1 0 1,1528
e 2 0 2,1088 3,302 4,504 5,855 6,704 7,660
e 3 0 8,590 9,585 10,572
e 4 0 11,579 12,540 13,484
e 5 0 14,1104 15,405 16,710 17,1060
end
v 1 425
v 2 252
v 3 308
v 4 491
v 5 928
v 6 1284
v 7 1473
v 8 650
v 9 1032
v 10 1043
v 11 1249
v 12 1559
v 13 250
v 14 294
v 15 577
v 16 813
v 17 1165
v 18 1286
v 19 158
v 20 1373
e 1 0 1,512
e 2 0 2,1355 3,872 4,1404 5,660 6,1215 7,1180
e 3 0 8,310 9,220 10,628 11,444 12,486
e 4 0 13,777 14,528 15,1048 16,434 17,564 18,360
e 5 0 19,474 20,720
end
v 1 466
v 2 715
v 3 815
v 4 842
v 5 938
v 6 1238
v 7 1271
v 8 283
v 9 1391
v 10 43
v 11 113
v 12 586
v 13 1062
v 14 1285
e 1 0 1,1052 2,465 3,276 4,960 5,483 6,588 7,700
e 2 0 8,1092 9,231
e 3 0 10,501 11,687 12,426 13,714 14,374
end
v 1 369
v 2 590
v 3 1106
v 4 1272
v 5 465
v 6 482
v 7 282
v 8 531
v 9 1031
e 1 0 1,690 2,579 3,608 4,744
e 2 0 5,885 6,292
e 3 0 7,279 8,240 9,242
end
v 1 471
v 2 504
v 3 588
v 4 844
v 5 1093
v 6 1193
v 7 1220
v 8 308
v 9 512
v 10 608
v 11 758
e 1 0 1,249 2,368 3,462 4,993 5,843 6,267 7,780
e 2 0 8,654 9,822 10,204 11,638
end
v 1 358
v 2 362
v 3 741
v 4 751
v 5 1267
v 6 703
v 7 1226
v 8 1269
v 9 1552
v 10 233
v 11 716
v 12 826
v 13 909
v 14 551
v 15 980
v 16 224
v 17 285
v 18 391
v 19 401
v 20 634
v 21 730
v 22 1046
e 1 0 1,1125 2,1588 3,146 4,657 5,480
e 2 0 6,891 7,1184 8,794 9,1080
e 3 0 10,984 11,724 12,732 13,620
e 4 0 14,963 15,688
e 5 0 16,346 17,744 18,262 19,280 20,759 21,688 22,332
end
v 1 382
v 2 921
v 3 992
v 4 1464
v 5 855
v 6 73
v 7 189
v 8 422
v 9 426
v 10 459
v 11 932
v 12 1375
e 1 0 1,648 2,540 3,716 4,1184
e 2 0 5,964
e 3 0 6,466 7,1035 8,734 9,180 10,192 11,636 12,639
end
v 1 24
v 2 640
v 3 1511
v 4 902
v 5 1438
v 6 407
v 7 663
v 8 1012
v 9 1522
v 10 49
v 11 248
v 12 544
v 13 1324
v 14 1347
v 15 1390
e 1 0 1,519 2,777 3,240
e 2 0 4,291 5,274
e 3 0 6,1284 7,528 8,552 9,455
e 4 0 10,676 11,258 12,590 13,993 14,354 15,573
end
v 1 191
v 2 280
v 3 347
v 4 384
v 5 873
v 6 1289
v 7 1472
v 8 1549
v 9 241
v 10 370
v 11 847
v 12 1483
v 13 12
v 14 195
v 15 272
v 16 471
v 17 561
v 18 628
v 19 1154
e 1 0 1,574 2,543 3,360 4,162 5,705 6,242 7,660 8,304
e 2 0 9,873 10,276 11,768 12,426
e 3 0 13,462 14,531 15,1173 16,166 17,308 18,560 19,340
end
v 1 511
v 2 401
v 3 418
v 4 488
v 5 538
v 6 954
v 7 960
v 8 1104
e 1 0 1,204
e 2 0 2,140 3,948 4,777 5,372 6,348 7,430 8,735
end
v 1 130
v 2 286
v 3 486
v 4 1012
v 5 1069
v 6 1089
v 7 633
v 8 837
v 9 1149
v 10 1253
e 1 0 1,892 2,710 3,455 4,552 5,171 6,741
e 2 0 7,296 8,486 9,264 10,855
end
v 1 217
v 2 727
v 3 1043
v 4 1170
v 5 1365
v 6 1399
v 7 1426
v 8 1542
v 9 625
v 10 824
v 11 835
v 12 1041
v 13 1351
v 14 139
v 15 1025
v 16 1055
v 17 339
v 18 772
v 19 982
v 20 988
v 21 1142
v 22 1281
v 23 1431
v 24 474
v 25 890
v 26 1073
v 27 1129
v 28 1350
v 29 1439
v 30 25
v 31 541
v 32 907
v 33 930
v 34 1389
v 35 1500
v 36 105
v 37 162
v 38 382
v 39 471
v 40 898
v 41 1064
v 42 1480
v 43 74
v 44 324
e 1 0 1,204 2,573 3,471 4,1060 5,159 6,890 7,748 8,285
e 2 0 9,483 10,633 11,1047 12,213 13,668
e 3 0 14,537 15,434 16,648
e 4 0 17,560 18,776 19,1152 20,1805 21,885 22,1108 23,846
e 5 0 24,1056 25,783 26,690 27,729 28,276 29,600
e 6 0 30,465 31,564 32,1026 33,592 34,789 35,964
e 7 0 36,1116 37,855 38,648 39,249 40,696 41,108 42,432
e 8 0 43,314 44,788
end
v 1 357
v 2 469
v 3 1118
v 4 1511
v 5 47
v 6 746
v 7 862
v 8 1095
v 9 100
v 10 304
v 11 521
e 1 0 1,540 2,258 3,586 4,360
e 2 0 5,514 6,1194 7,546 8,474
e 3 0 9,390 10,378 11,1452
end
v 1 333
v 2 543
v 3 610
v 4 749
v 5 1059
v 6 346
v 7 375
v 8 1018
v 9 1061
v 10 1344
v 11 1394
v 12 828
v 13 957
v 14 1434
v 15 25
v 16 447
v 17 1483
v 18 674
v 19 1316
v 20 1273
v 21 55
v 22 391
v 23 444
v 24 607
v 25 228
v 26 265
v 27 338
v 28 748
v 29 1070
v 30 1154
v 31 14
v 32 86
v 33 330
v 34 962
v 35 1482
v 36 929
v 37 1133
v 38 1332
v 39 1445
v 40 1549
e 1 0 1,396 2,492 3,454 4,534 5,455
e 2 0 6,848 7,687 8,186 9,498 10,304 11,1011
e 3 0 12,387 13,891 14,372
e 4 0 15,775 16,864 17,639
e 5 0 18,636 19,142
e 6 0 20,1324
e 7 0 21,1400 22,524 23,1036 24,556
e 8 0 25,246 26,1083 27,171 28,660 29,702 30,509
e 9 0 31,579 32,891 33,1194 34,748 35,240
e 10 0 36,159 37,462 38,206 39,222 40,455
end
v 1 5
v 2 234
v 3 277
v 4 1120
v 5 138
v 6 417
v 7 433
v 8 1213
v 9 1226
v 10 1236
v 11 1392
v 12 1475
v 13 435
v 14 479
v 15 762
v 16 1321
v 17 1350
v 18 216
v 19 1524
v 20 249
v 21 260
v 22 776
e 1 0 1,876 2,1080 3,1205 4,855
e 2 0 5,810 6,544 7,348 8,878 9,1184 10,996 11,166 12,1068
e 3 0 13,566 14,645 15,1110 16,747 17,276
e 4 0 18,1080 19,378
e 5 0 20,636 21,736 22,1556
end
v 1 566
v 2 383
v 3 1025
v 4 1069
v 5 1352
v 6 1402
v 7 1497
v 8 114
v 9 131
v 10 201
v 11 251
v 12 674
v 13 817
v 14 1150
v 15 232
v 16 388
v 17 1114
v 18 1170
v 19 1237
v 20 182
v 21 721
v 22 1264
v 23 357
v 24 656
v 25 1278
v 26 1378
v 27 434
v 28 789
v 29 1316
v 30 1372
v 31 4
v 32 67
v 33 643
v 34 703
v 35 1392
e 1 0 1,534
e 2 0 2,550 3,290 4,227 5,530 6,1036 7,1316
e 3 0 8,276 9,720 10,675 11,732 12,953 13,504 14,957
e 4 0 15,789 16,705 17,1026 18,1060 19,1100
e 5 0 20,552 21,678 22,705
e 6 0 23,720 24,1540 25,846 26,365
e 7 0 27,426 28,724 29,142 30,498
e 8 0 31,1092 32,558 33,552 34,594 35,332
end
v 1 277
v 2 693
v 3 1153
v 4 1242
v 5 1346
v 6 52
v 7 485
v 8 695
v 9 701
v 10 1144
v 11 262
v 12 512
v 13 612
v 14 639
v 15 1034
v 16 1067
v 17 60
v 18 77
v 19 399
v 20 1348
e 1 0 1,723 2,398 3,156 4,594 5,705
e 2 0 6,868 7,876 8,1056 9,300 10,254
e 3 0 11,536 12,1096 13,714 14,1312 15,873 16,348
e 4 0 17,532 18,1120 19,261 20,741
end
v 1 160
v 2 376
v 3 526
v 4 686
v 5 1314
v 6 1335
v 7 1381
v 8 1518
v 9 55
v 10 228
v 11 262
v 12 278
v 13 459
v 14 601
v 15 1220
v 16 1224
v 17 1549
v 18 149
v 19 592
v 20 821
v 21 848
v 22 1197
v 23 24
v 24 130
v 25 213
v 26 434
v 27 712
v 28 883
v 29 945
v 30 1522
v 31 27
v 32 271
v 33 759
v 34 820
v 35 903
v 36 1009
v 37 1512
e 1 0 1,852 2,681 3,900 4,728 5,192 6,964 7,651 8,1408
e 2 0 9,1050 10,246 11,268 12,1008 13,192 14,852 15,390 16,372 17,608
e 3 0 18,996 19,496 20,382 21,678 22,942
e 4 0 23,346 24,446 25,224 26,426 27,1161 28,1160 29,684 30,342
e 5 0 31,530 32,711 33,567 34,210 35,756 36,891 37,162
end
v 1 52
v 2 79
v 3 175
v 4 474
v 5 508
v 6 951
v 7 1510
v 8 352
v 9 375
v 10 418
v 11 628
v 12 635
v 13 1544
v 14 765
v 15 771
v 16 1108
v 17 1541
v 18 243
v 19 1198
v 20 284
v 21 650
v 22 673
v 23 933
e 1 0 1,651 2,264 3,1155 4,1408 5,1137 6,579 7,288
e 2 0 8,200 9,458 10,632 11,560 12,552 13,438
e 3 0 14,768 15,448 16,492 17,590
e 4 0 18,633 19,686
e 5 0 20,198 21,465 22,822 23,1352
end
v 1 81
v 2 457
v 3 567
v 4 1383
v 5 164
v 6 207
v 7 490
v 8 1044
v 9 1200
v 10 1493
v 11 55
v 12 72
v 13 344
v 14 1286
v 15 205
v 16 294
v 17 398
v 18 606
v 19 721
v 20 887
v 21 1303
v 22 273
v 23 546
v 24 1488
e 1 0 1,639 2,451 3,705 4,777
e 2 0 5,891 6,496 7,660 8,381 9,561 10,1188
e 3 0 11,1400 12,548 13,684 14,360
e 4 0 15,542 16,528 17,160 7,495 18,1060 19,903 20,720 21,272
e 5 0 22,654 23,1112 24,702
end
v 1 1319
v 2 1442
v 3 410
v 4 1053
v 5 1080
v 6 1096
v 7 1429
v 8 1525
v 9 133
v 10 142
v 11 229
v 12 449
v 13 845
v 14 992
v 15 1469
e 1 0 1,336 2,656
e 2 0 3,378 4,555 5,657 6,512 7,720 8,1179
e 3 0 9,210 10,927 11,446 12,1107 13,426 14,537 15,639
end
v 1 162
v 2 318
v 3 615
v 4 884
v 5 1044
v 6 1167
v 7 1198
v 8 272
v 9 276
v 10 665
v 11 1068
v 12 1091
v 13 1347
v 14 24
v 15 268
v 16 817
v 17 900
v 18 1006
v 19 1399
v 20 1509
e 1 0 1,570 2,494 3,540 4,1040 5,508 6,940 7,1029
e 2 0 8,1173 9,1544 10,471 11,633 12,1068 13,708
e 3 0 14,519 15,692 16,504 17,744 18,642 19,356 20,894
end
v 1 88
v 2 338
v 3 438
v 4 465
v 5 974
v 6 1274
v 7 1307
e 1 0 1,344 2,171 3,579 4,885 5,237 6,393 7,264
end
v 1 80
v 2 446
v 3 512
v 4 722
v 5 729
v 6 883
v 7 1463
v 8 340
v 9 506
v 10 922
v 11 1161
v 12 1382
v 13 1471
v 14 71
v 15 1036
v 16 1059
v 17 1518
v 18 842
v 19 880
v 20 193
v 21 414
v 22 1096
v 23 19
v 24 256
v 25 289
v 26 306
v 27 539
v 28 628
v 29 701
v 30 944
v 31 869
v 32 492
v 33 815
v 34 875
v 35 991
v 36 1224
e 1 0 1,726 2,750 3,1096 4,849 5,516 6,869 7,792
e 2 0 8,189 9,1104 10,518 11,1077 12,339 13,310
e 3 0 14,827 15,642 16,684 17,1408
e 4 0 18,1280 19,1095
e 5 0 20,1839 21,831 22,512
e 6 0 23,638 24,1060 25,548 26,1584 27,1496 28,560 29,375 30,176
e 7 0 31,424
e 8 0 32,531 33,184 34,1032 35,650 36,248
end
v 1 270
v 2 293
v 3 1048
v 4 274
v 5 284
v 6 800
v 7 590
v 8 378
v 9 407
v 10 1050
v 11 1093
v 12 1376
v 13 1426
v 14 5
v 15 614
v 16 957
v 17 1087
e 1 0 1,448 2,480 3,442
e 2 0 4,748 5,297 6,977
e 3 0 7,579
e 4 0 8,444 9,963 10,384 11,843 12,504 13,1496
e 5 0 14,657 15,756 16,1188 17,664
end
v 1 116
v 2 193
v 3 1491
v 4 1505
v 5 323
v 6 386
v 7 623
v 8 656
v 9 673
v 10 773
v 11 995
v 12 72
v 13 847
v 14 1507
v 15 149
v 16 305
v 17 504
v 18 870
v 19 1031
v 20 1087
v 21 1153
v 22 258
v 23 262
v 24 651
v 25 1055
v 26 1078
v 27 1334
v 28 119
v 29 701
v 30 905
v 31 1001
v 32 1034
v 33 1051
v 34 1151
v 35 227
v 36 1163
v 37 1196
v 38 61
v 39 947
v 40 976
e 1 0 1,1588 2,1104 3,774
e 2 0 4,825
e 3 0 5,1400 6,446 7,540 8,1155 9,548 10,142 11,345
e 4 0 12,1096 13,1536 14,368
e 5 0 15,498 16,678 17,552 18,788 19,363 20,498 21,208
e 6 0 22,688 23,536 24,240 25,486 26,328 27,552
e 7 0 28,911
e 8 0 29,300 30,466 31,756 32,873 33,156 34,186
e 9 0 35,594 36,246 37,1168
e 10 0 38,222 39,195 40,351
end
v 1 357
v 2 790
v 3 1000
v 4 1006
v 5 1160
v 6 1300
v 7 1449
v 8 101
v 9 191
v 10 326
v 11 492
v 12 503
v 13 1148
v 14 1200
v 15 1383
v 16 299
v 17 442
v 18 1314
v 19 1385
v 20 124
v 21 180
v 22 400
v 23 490
v 24 916
v 25 1082
v 26 1498
e 1 0 1,540 2,231 3,1076 4,856 5,1104 6,580 7,261
e 2 0 8,216 9,861 10,988 11,885 12,1116 13,1076 14,561 15,1036
e 3 0 16,504 17,672 18,192 19,960
e 4 0 20,484 21,276 22,572 23,495 24,1028 25,573 26,690
end
v 1 92
v 2 633
v 3 841
v 4 282
v 5 315
v 6 398
v 7 654
v 8 904
v 9 1030
v 10 418
v 11 452
v 12 468
v 13 568
v 14 595
v 15 1204
v 16 1521
v 17 36
v 18 318
v 19 501
v 20 572
v 21 578
v 22 868
v 23 872
v 24 934
v 25 470
v 26 530
v 27 720
v 28 1219
v 29 334
v 30 757
v 31 211
v 32 395
v 33 24
v 34 341
v 35 511
v 36 973
v 37 1210
v 38 1243
v 39 1260
v 40 1360
e 1 0 1,166 2,296 3,740
e 2 0 4,372 5,288 6,320 7,434 8,600 9,528
e 3 0 10,632 11,744 12,348 13,1332 14,426 15,432 16,140
e 4 0 17,900 18,741 19,580 20,1003 21,916 22,1074 23,1260 24,550
e 5 0 25,1160 26,1880 27,430 28,708
e 6 0 29,312 30,588
e 7 0 31,544
e 8 0 32,666
e 9 0 33,519 34,831 35,204 36,401 37,509 38,472 39,200 40,726
end
v 1 403
v 2 665
v 3 819
v 4 1002
v 5 1058
v 6 1279
v 7 1368
v 8 51
v 9 307
v 10 550
v 11 783
v 12 1005
v 13 1359
v 14 1525
v 15 531
v 16 1041
v 17 598
v 18 451
v 19 997
v 20 1231
v 21 1254
v 22 1298
v 23 1446
v 24 1514
e 1 0 1,465 2,628 3,831 4,827 5,827 6,888 7,1065
e 2 0 8,294 9,444 10,480 11,988 12,822 13,496 14,1179
e 3 0 15,120 16,213
e 4 0 17,608
e 5 0 18,712 19,986 20,1484 21,1101 22,401 23,504 24,115
end
v 1 196
v 2 285
v 3 389
v 4 711
v 5 772
v 6 878
v 7 888
v 8 1294
v 9 264
v 10 537
v 11 1479
v 12 1213
v 13 331
v 14 391
v 15 497
v 16 507
v 17 740
v 18 836
v 19 1152
v 20 1373
v 21 178
v 22 394
v 23 544
v 24 704
v 25 1333
v 26 1353
v 27 1399
v 28 1536
e 1 0 1,494 2,558 3,358 4,1156 5,582 6,748 7,352 8,344
e 2 0 9,834 10,1060 11,438
e 3 0 12,586
e 4 0 13,1132 14,524 15,561 16,1011 17,788 18,472 19,1052 20,1080
e 5 0 21,399 22,626 23,885 24,488 25,279 26,672 27,534 28,399
end
v 1 10
v 2 247
v 3 280
v 4 296
v 5 619
v 6 380
v 7 1141
v 8 1534
v 9 193
v 10 386
v 11 709
v 12 875
v 13 423
v 14 456
v 15 473
v 16 573
v 17 356
v 18 566
v 19 772
v 20 1082
e 1 0 1,568 2,356 3,362 4,150 5,900
e 2 0 6,366 7,401 8,556
e 3 0 9,1104 10,669 11,171 12,1376
e 4 0 13,441 14,534 15,146 16,1356
e 5 0 17,472 18,356 19,582 20,573
end
v 1 369
v 2 685
v 3 1007
v 4 1068
v 5 1184
v 6 1417
v 7 475
v 8 535
v 9 724
v 10 1224
v 11 339
v 12 761
v 13 216
v 14 399
v 15 695
v 16 272
v 17 705
v 18 915
v 19 921
v 20 1215
v 21 1264
v 22 1364
v 23 407
v 24 670
v 25 823
v 26 1006
v 27 1063
v 28 1283
v 29 1373
e 1 0 1,690 2,612 3,908 4,633 5,1136 6,722
e 2 0 7,1044 8,1136 9,1470 10,620
e 3 0 11,560 12,680
e 4 0 13,720
e 5 0 14,261 15,704
e 6 0 16,1564 17,264 18,1148 19,405 20,584 21,705 22,480
e 7 0 23,963 24,537 25,1029 26,642 27,953 28,237 29,1080
end
v 1 55
v 2 311
v 3 554
v 4 787
v 5 1010
v 6 1364
v 7 1530
v 8 536
v 9 1045
v 10 602
e 1 0 1,700 2,430 3,628 4,447 5,795 6,640 7,381
e 2 0 8,364 9,1110
e 3 0 10,856
end
v 1 359
v 2 1002
v 3 1139
v 4 1162
v 5 1205
v 6 1422
v 7 1451
v 8 200
v 9 290
v 10 394
v 11 716
v 12 776
v 13 882
v 14 893
v 15 1298
e 1 0 1,528 2,827 3,1144 4,476 5,780 6,446 7,648
e 2 0 8,795 9,509 10,626 11,543 12,1167 13,996 14,273 15,268
end
v 1 217
v 2 543
v 3 560
v 4 832
v 5 510
v 6 1518
v 7 33
v 8 759
v 9 1013
v 10 1296
v 11 1435
v 12 147
v 13 447
v 14 463
v 15 534
v 16 1006
v 17 1150
v 18 1482
v 19 1189
e 1 0 1,272 2,656 3,360 4,972
e 2 0 5,244 6,1056
e 3 0 7,272 8,378 9,465 10,753 11,816
e 4 0 12,256 13,1152 14,250 15,676 16,642 17,957 18,180
e 5 0 19,227
end
v 1 30
v 2 274
v 3 906
v 4 1426
v 5 1516
v 6 582
v 7 785
v 8 1098
v 9 1201
v 10 166
v 11 675
v 12 991
v 13 1118
v 14 1314
v 15 1347
v 16 1374
v 17 1491
v 18 130
v 19 779
v 20 783
v 21 962
v 22 1161
v 23 1172
v 24 1378
e 1 0 1,282 2,748 3,189 4,1870 5,1344
e 2 0 6,1140 7,455 8,278 9,1011
e 3 0 10,988 11,1436 12,975 13,878 14,192 15,531 16,1156 17,516
e 4 0 18,1115 19,543 20,741 21,374 22,718 23,831 24,219
end
u 214 1
u 260 1
u 763 1
u 195 1
u 385 1
u 778 1
u 961 1
u 12 1
u 328 1
u 871 1
u 934 1
u 282 1
u 359 1
u 715 1
u 16 1
u 586 1
u 785 1
u 898 1
u 975 1
u 1368 1
u 1551 1
u 151 1
u 557 1
u 1299 1
u 128 1
u 224 1
u 540 1
u 667 1
u 1276 1
u 1336 1
u 1453 1
u 803 1
u 1346 1
u 258 1
u 1147 1
u 308 1
u 475 1
u 1130 1
u 1350 1
u 1440 1
u 497 1
u 701 1
u 248 1
u 354 1
u 760 1
u 774 1
u 1222 1
u 1430 1
u 1502 1
u 1234 1
u 1505 1
u 27 1
u 110 1
u 366 1
u 610 1
u 843 1
u 1065 1
u 1381 1
u 1419 1
u 638 1
u 1191 1
u 1347 1
u 216 1
u 326 1
u 409 1
u 925 1
u 1291 1
u 1314 1
u 157 1
u 284 1
u 480 1
u 646 1
u 657 1
u 890 1
u 1399 1
u 404 1
u 544 1
u 854 1
u 747 1
u 1070 1
u 1236 1
u 573 1
u 1182 1
u 1255 1
u 1498 1
u 279 1
u 606 1
u 623 1
u 895 1
u 393 1
u 853 1
u 942 1
u 1535 1
u 749 1
u 1358 1
u 892 1
u 1003 1
u 1086 1
u 35 1
u 445 1
u 851 1
u 1483 1
u 1520 1
u 75 1
u 318 1
u 512 1
u 668 1
u 867 1
u 1394 1
u 1450 1
u 1471 1
u 388 1
u 1324 1
u 222 1
u 266 1
u 1108 1
u 130 1
u 910 1
u 933 1
u 1089 1
u 1172 1
u 1393 1
u 68 1
u 390 1
u 973 1
u 1156 1
u 1432 1
u 1522 1
u 204 1
u 1513 1
u 473 1
u 1515 1
u 329 1
u 1111 1
u 1272 1
u 1455 1
u 1531 1
u 69 1
u 306 1
u 340 1
u 356 1
u 133 1
u 200 1
u 337 1
u 753 1
u 1063 1
u 227 1
u 670 1
u 1275 1
u 1312 1
u 455 1
u 622 1
u 705 1
u 645 1
u 678 1
u 761 1
u 1017 1
u 1267 1
u 1367 1
u 1504 1
u 619 1
u 642 1
u 902 1
u 1397 1
u 49 1
u 536 1
u 1351 1
u 217 1
u 727 1
u 756 1
u 1366 1
u 1426 1
u 1543 1
u 24 1
u 257 1
u 833 1
u 893 1
u 1210 1
u 1339 1
u 398 1
u 458 1
u 575 1
u 808 1
u 903 1
u 80 1
u 323 1
u 556 1
u 1095 1
u 1132 1
u 1165 1
u 263 1
u 546 1
u 633 1
u 1099 1
u 1548 1
u 127 1
u 197 1
u 813 1
u 268 1
u 634 1
u 917 1
u 1117 1
u 199 1
u 211 1
u 378 1
u 1254 1
u 1447 1
u 149 1
u 428 1
u 1224 1
u 1237 1
u 1297 1
u 1403 1
u 1487 1
u 376 1
u 493 1
u 1294 1
u 624 1
u 907 1
u 1061 1
u 468 1
u 541 1
u 844 1
u 1273 1
u 1356 1
u 147 1
u 617 1
u 823 1
u 1179 1
u 1382 1
u 767 1
u 121 1
u 487 1
u 554 1
u 1080 1
u 1342 1
u 1496 1
u 28 1
u 381 1
u 437 1
u 547 1
u 631 1
u 887 1
u 1363 1
u 56 1
u 213 1
u 432 1
u 736 1
u 349 1
u 559 1
u 765 1
u 1075 1
u 143 1
u 653 1
u 682 1
u 969 1
u 1325 1
u 1352 1
u 1468 1
u 551 1
u 751 1
u 967 1
u 1277 1
u 441 1
u 884 1
u 1526 1
u 265 1
u 654 1
u 698 1
u 908 1
u 914 1
u 1208 1
u 1357 1
u 9 1
u 99 1
u 692 1
u 467 1
u 696 1
u 856 1
u 900 1
u 1116 1
u 1409 1
u 1559 1
u 88 1
u 410 1
u 470 1
u 587 1
u 44 1
u 348 1
u 627 1
u 1205 1
u 1423 1
u 1436 1
u 672 1
u 789 1
u 1022 1
u 33 1
u 1375 1
u 676 1
u 986 1
u 4 1
u 54 1
u 299 1
u 592 1
u 1235 1
u 1279 1
u 324 1
u 461 1
u 661 1
u 877 1
u 1187 1
u 442 1
u 598 1
u 798 1
u 1380 1
u 459 1
u 1274 1
u 1530 1
u 140 1
u 650 1
u 1289 1
u 1349 1
u 1465 1
u 743 1
u 766 1
u 816 1
u 922 1
u 1006 1
u 1226 1
u 144 1
u 680 1
u 820 1
u 1269 1
u 1390 1
u 545 1
u 955 1
u 1338 1
u 1348 1
u 1554 1
u 346 1
u 422 1
u 999 1
u 1377 1
u 896 1
u 29 1
u 305 1
u 395 1
u 1121 1
u 1243 1
u 1250 1
u 32 1
u 289 1
u 1134 1
u 608 1
u 947 1
u 1197 1
u 61 1
u 783 1
u 1066 1
u 643 1
u 673 1
u 983 1
u 223 1
u 406 1
u 773 1
u 31 1
u 1119 1
u 614 1
u 620 1
u 1529 1
u 362 1
u 1138 1
u 17 1
u 300 1
u 439 1
u 595 1
u 888 1
u 553 1
u 962 1
u 1345 1
u 476 1
u 1185 1
u 259 1
u 488 1
u 1201 1
u 1251 1
u 1045 1
u 7 1
u 236 1
u 562 1
u 1115 1
u 1271 1
u 970 1
u 1313 1
u 451 1
u 828 1
u 534 1
u 578 1
u 861 1
u 1420 1
u 183 1
u 426 1
u 659 1
u 1296 1
u 1485 1
u 93 1
u 780 1
u 230 1
u 301 1
u 351 1
u 916 1
u 825 1
u 881 1
u 1501 1
u 415 1
u 502 1
u 552 1
u 864 1
u 968 1
u 1118 1
u 23 1
u 96 1
u 339 1
u 972 1
u 1078 1
u 254 1
u 637 1
u 647 1
u 728 1
u 1163 1
u 321 1
u 891 1
u 697 1
u 703 1
u 997 1
u 1146 1
u 52 1
u 711 1
u 834 1
u 1133 1
u 235 1
u 312 1
u 87 1
u 237 1
u 397 1
u 1092 1
u 1229 1
u 1016 1
u 124 1
u 261 1
u 683 1
u 827 1
u 1160 1
u 735 1
u 858 1
u 1411 1
u 132 1
u 215 1
u 1524 1
u 569 1
u 602 1
u 685 1
u 941 1
u 1318 1
u 1428 1
u 755 1
u 855 1
u 558 1
u 1055 1
u 1365 1
u 1290 1
u 1467 1
u 1280 1
u 1523 1
u 272 1
u 345 1
u 1077 1
u 384 1
u 628 1
u 1260 1
u 407 1
u 533 1
u 542 1
u 644 1
u 1376 1
u 1459 1
u 791 1
u 995 1
u 1091 1
u 1124 1
u 1141 1
u 1211 1
u 1241 1
u 79 1
u 146 1
u 1088 1
u 431 1
u 1240 1
u 1406 1
u 1489 1
u 191 1
u 281 1
u 1473 1
u 1550 1
u 1470 1
u 218 1
u 355 1
u 771 1
u 777 1
u 921 1
u 103 1
u 303 1
u 829 1
u 886 1
u 420 1
u 436 1
u 507 1
u 869 1
u 979 1
u 1123 1
u 101 1
u 344 1
u 976 1
u 1082 1
u 550 1
u 733 1
u 943 1
u 1149 1
u 325 1
u 59 1
u 492 1
u 702 1
u 708 1
u 1001 1
u 1151 1
u 716 1
u 838 1
u 239 1
u 316 1
u 709 1
u 92 1
u 241 1
u 401 1
u 1096 1
u 1184 1
u 1233 1
u 53 1
u 175 1
u 729 1
u 885 1
u 1451 1
u 189 1
u 293 1
u 443 1
u 1231 1
u 1298 1
u 1385 1
u 1435 1
u 370 1
u 609 1
u 852 1
u 1401 1
u 203 1
u 952 1
u 234 1
u 205 1
u 874 1
u 242 1
u 591 1
u 691 1
u 368 1
u 772 1
u 988 1
u 1161 1
u 1510 1
u 1514 1
u 287 1
u 418 1
u 1281 1
u 1456 1
u 580 1
u 924 1
u 245 1
u 1050 1
u 1067 1
u 1193 1
u 118 1
u 950 1
u 1227 1
u 1516 1
u 744 1
u 919 1
u 1218 1
u 1252 1
u 1268 1
u 176 1
u 1301 1
u 1378 1
u 267 1
u 350 1
u 849 1
u 866 1
u 1232 1
u 225 1
u 498 1
u 781 1
u 868 1
u 1340 1
u 302 1
u 1051 1
u 589 1
u 1311 1
u 532 1
u 996 1
u 64 1
u 574 1
u 603 1
u 1246 1
u 1389 1
u 201 1
u 837 1
u 1283 1
u 1152 1
u 363 1
u 247 1
u 453 1
u 1335 1
u 170 1
u 403 1
u 625 1
u 1109 1
u 1484 1
u 207 1
u 489 1
u 577 1
u 1043 1
u 1199 1
u 1492 1
u 319 1
u 1174 1
u 1328 1
u 1373 1
u 1511 1
u 62 1
u 166 1
u 1441 1
u 1464 1
u 1508 1
u 599 1
u 530 1
u 1106 1
u 98 1
u 347 1
u 391 1
u 1556 1
u 72 1
u 168 1
u 611 1
u 1253 1
u 111 1
u 334 1
u 286 1
u 1062 1
u 369 1
u 812 1
u 1085 1
u 1418 1
u 313 1
u 949 1
u 94 1
u 240 1
u 876 1
u 883 1
u 1176 1
u 273 1
u 1120 1
u 1215 1
u 1265 1
u 408 1
u 824 1
u 1007 1
u 1084 1
u 1284 1
u 1477 1
u 361 1
u 1170 1
u 1230 1
u 1337 1
u 1384 1
u 1295 1
u 77 1
u 1525 1
u 129 1
u 525 1
u 1144 1
u 1300 1
u 113 1
u 508 1
u 1157 1
u 626 1
u 882 1
u 998 1
u 276 1
u 759 1
u 81 1
u 357 1
u 807 1
u 1023 1
u 1189 1
u 185 1
u 674 1
u 817 1
u 1499 1
u 1087 1
u 55 1
u 115 1
u 232 1
u 465 1
u 561 1
u 386 1
u 846 1
u 956 1
u 1039 1
u 1538 1
u 387 1
u 1009 1
u 1302 1
u 1379 1
u 104 1
u 1259 1
u 1463 1
u 417 1
u 1392 1
u 1209 1
u 1315 1
u 198 1
u 880 1
u 424 1
u 537 1
u 1213 1
u 389 1
u 123 1
u 555 1
u 120 1
u 330 1
u 630 1
u 779 1
u 89 1
u 471 1
u 162 1
u 605 1
u 860 1
u 977 1
u 1247 1
u 202 1
u 425 1
u 1527 1
u 1444 1
u 192 1
u 745 1
u 752 1
u 901 1
u 1195 1
u 1424 1
u 1286 1
u 1542 1
u 491 1
u 1200 1
u 364 1
u 797 1
u 1013 1
u 1306 1
u 333 1
u 499 1
u 915 1
u 1098 1
u 1154 1
u 1175 1
u 449 1
u 782 1
u 1304 1
u 1321 1
u 1391 1
u 848 1
u 1303 1
u 322 1
u 1037 1
u 515 1
u 358 1
u 568 1
u 152 1
u 662 1
u 978 1
u 1361 1
u 560 1
u 770 1
u 990 1
u 274 1
u 663 1
u 707 1
u 923 1
u 1217 1
u 66 1
u 980 1
u 1329 1
u 8 1
u 1100 1
u 278 1
u 1180 1
u 1203 1
u 929 1
u 935 1
u 1155 1
u 687 1
u 1319 1
u 1054 1
u 1137 1
u 681 1
u 1110 1
u 521 1
u 1486 1
u 1002 1
u 296 1
u 945 1
u 566 1
u 255 1
u 1474 1
u 1490 1
u 423 1
u 1033 1
u 352 1
u 1288 1
u 966 1
u 1122 1
u 383 1
u 1026 1
u 1186 1
u 1446 1
u 1212 1
u 47 1
u 173 1
u 992 1
u 1257 1
u 1317 1
u 981 1
u 513 1
u 879 1
u 946 1
u 1162 1
u 413 1
u 1196 1
u 1202 1
u 1539 1
u 251 1
u 538 1
u 182 1
u 549 1
u 1404 1
u 1557 1
u 563 1
u 746 1
u 194 1
u 484 1
u 67 1
u 138 1
u 434 1
u 500 1
u 1442 1
u 186 1
u 219 1
u 336 1
u 226 1
u 342 1
u 1012 1
u 1261 1
u 1388 1
u 539 1
u 776 1
u 809 1
u 826 1
u 926 1
u 1148 1
u 2 1
u 102 1
u 231 1
u 524 1
u 190 1
u 604 1
u 1090 1
u 718 1
u 1027 1
u 46 1
u 95 1
u 503 1
u 713 1
u 290 1
u 1532 1
u 486 1
u 249 1
u 419 1
u 648 1
u 1068 1
u 40 1
u 529 1
u 1359 1
u 1405 1
u 188 1
u 1400 1
u 974 1
u 139 1
u 295 1
u 894 1
u 1327 1
u 958 1
u 1387 1
u 311 1
u 382 1
u 1330 1
u 1553 1
u 862 1
u 1417 1
u 593 1
u 731 1
u 937 1
u 724 1
u 1107 1
u 1323 1
u 1069 1
u 233 1
u 1036 1
u 1192 1
u 889 1
u 288 1
u 1507 1
u 1204 1
u 1270 1
u 1407 1
u 712 1
u 768 1
u 878 1
u 951 1
u 1194 1
u 579 1
u 918 1
u 1168 1
u 294 1
u 444 1
u 1552 1
u 177 1
u 504 1
u 793 1
u 944 1
u 1433 1
u 1443 1
u 374 1
u 584 1
u 1034 1
u 1491 1
u 320 1
u 629 1
u 1332 1
u 800 1
u 1083 1
u 1266 1
u 671 1
u 831 1
u 875 1
u 1534 1
u 446 1
u 795 1
u 1305 1
u 19 1
u 618 1
u 1398 1
u 1421 1
u 71 1
u 6 1
u 119 1
u 196 1
u 1015 1
u 739 1
u 1544 1
u 714 1
u 911 1
u 210 1
u 913 1
u 153 1
u 590 1
u 640 1
u 523 1
u 723 1
u 939 1
u 1249 1
u 535 1
u 652 1
u 373 1
u 1028 1
u 1049 1
u 1248 1
u 179 1
u 655 1
u 1481 1
u 1263 1
u 472 1
u 262 1
u 750 1
u 526 1
u 137 1
u 509 1
u 742 1
u 960 1
u 677 1
u 1494 1
u 73 1
u 116 1
u 1011 1
u 1437 1
u 429 1
u 479 1
u 1228 1
u 1219 1
u 1541 1
u 220 1
u 460 1
u 801 1
u 684 1
u 1341 1
u 1101 1
u 1497 1
u 307 1
u 1135 1
u 1139 1
u 457 1
u 600 1
u 1472 1
u 21 1
u 464 1
u 1307 1
u 1040 1
u 1190 1
u 666 1
u 786 1
u 963 1
u 74 1
u 583 1
u 814 1
u 291 1
u 612 1
u 430 1
u 576 1
u 1372 1
u 1512 1
u 1555 1
u 36 1
u 65 1
u 18 1
u 84 1
u 161 1
u 450 1
u 517 1
u 474 1
u 940 1
u 117 1
u 1076 1
u 726 1
u 1142 1
u 1029 1
u 1412 1
u 1528 1
u 811 1
u 821 1
u 758 1
u 1128 1
u 159 1
u 585 1
u 11 1
u 510 1
u 1282 1
u 1320 1
u 1353 1
u 416 1
u 906 1
u 1362 1
u 440 1
u 802 1
u 145 1
u 679 1
u 1018 1
u 1145 1
u 477 1
u 5 1
u 1093 1
u 42 1
u 730 1
u 1500 1
u 865 1
u 1558 1
u 932 1
u 1256 1
u 1482 1
u 483 1
u 1476 1
u 639 1
u 1072 1
u 1488 1
u 481 1
u 938 1
u 22 1
u 365 1
u 427 1
u 360 1
u 1046 1
u 1396 1
u 304 1
u 456 1
u 699 1
u 3 1
u 836 1
u 1112 1
u 280 1
u 725 1
u 804 1
u 1104 1
u 372 1
u 621 1
u 1177 1
u 136 1
u 169 1
u 543 1
u 150 1
u 693 1
u 607 1
u 720 1
u 379 1
u 1158 1
u 694 1
u 1220 1
u 438 1
u 1031 1
u 252 1
u 928 1
u 1032 1
u 250 1
u 158 1
u 466 1
u 815 1
u 842 1
u 1238 1
u 283 1
u 43 1
u 1285 1
u 482 1
u 531 1
u 588 1
u 741 1
u 909 1
u 285 1
u 1438 1
u 873 1
u 1549 1
u 847 1
u 511 1
u 954 1
u 835 1
u 1041 1
u 1025 1
u 982 1
u 1431 1
u 1073 1
u 1129 1
u 1439 1
u 25 1
u 930 1
u 105 1
u 1064 1
u 1480 1
u 469 1
u 100 1
u 1059 1
u 375 1
u 1344 1
u 957 1
u 1434 1
u 447 1
u 1316 1
u 228 1
u 338 1
u 748 1
u 14 1
u 86 1
u 1445 1
u 277 1
u 433 1
u 1475 1
u 435 1
u 762 1
u 1402 1
u 114 1
u 131 1
u 1150 1
u 1114 1
u 721 1
u 1264 1
u 656 1
u 1278 1
u 1153 1
u 1242 1
u 485 1
u 695 1
u 60 1
u 399 1
u 160 1
u 686 1
u 1518 1
u 601 1
u 271 1
u 635 1
u 243 1
u 1198 1
u 567 1
u 1383 1
u 164 1
u 490 1
u 1044 1
u 1493 1
u 1053 1
u 1429 1
u 142 1
u 229 1
u 845 1
u 1469 1
u 615 1
u 1167 1
u 665 1
u 1509 1
u 722 1
u 506 1
u 193 1
u 414 1
u 256 1
u 991 1
u 270 1
u 1048 1
u 870 1
u 651 1
u 1334 1
u 905 1
u 790 1
u 1000 1
u 1449 1
u 180 1
u 400 1
u 841 1
u 315 1
u 904 1
u 1030 1
u 452 1
u 1521 1
u 501 1
u 572 1
u 872 1
u 757 1
u 341 1
u 1360 1
u 819 1
u 1058 1
u 51 1
u 1005 1
u 264 1
u 1479 1
u 331 1
u 740 1
u 178 1
u 394 1
u 704 1
u 1333 1
u 1536 1
u 10 1
u 380 1
u 1364 1
u 787 1
u 1010 1
u 1422 1
u 832 1
u 463 1
u 30 1
u 582 1
u 675 1
u 1374 1
