v 1 1079
v 2 2032
e 1 0 1,199 2,299
e 2 0 2,299
end
v 1 1001
v 2 4019
v 3 1003
v 4 1123
e 1 0 1,270 2,150
e 2 0 1,270
e 3 0 1,270 3,0 4,909
end
v 1 1079
v 2 2032
v 3 4024
e 1 0 1,199 2,299 3,380
end
v 1 1001
v 2 1004
v 3 1123
v 4 1203
e 1 0 1,540 2,599 3,909 4,399
end
v 1 1001
v 2 1007
v 3 1014
v 4 1003
v 5 1004
v 6 1203
v 7 1037
v 8 2021
v 9 2030
v 10 2031
v 11 1032
v 12 4031
v 13 1002
v 14 2003
v 15 2022
v 16 2010
v 17 2023
v 18 2005
v 19 2036
v 20 1017
e 1 0 1,270 2,99 3,499
e 2 0 4,0 5,599 2,99 6,399
e 3 0 7,1000 8,399 9,299 10,399
e 4 0 11,499 12,850
e 5 0 13,499 14,299
e 6 0 15,299
e 7 0 16,199 9,299
e 8 0 11,499 16,199 17,499
e 9 0 18,300 19,399
e 10 0 20,499
end
v 1 2036
v 2 1017
v 3 1021
v 4 1071
v 5 2022
v 6 2003
v 7 2010
v 8 2023
v 9 1008
v 10 1054
v 11 1076
v 12 1078
v 13 2004
v 14 1077
v 15 4031
e 1 0 1,399
e 2 0 2,499 3,170 4,250 5,299
e 3 0 6,299 7,199 8,499
e 4 0 9,350 10,1200 11,299 12,199 13,300 7,199
e 5 0 14,299 15,850
end
v 1 1077
v 2 2010
v 3 2032
v 4 2036
v 5 1037
v 6 1111
v 7 2022
v 8 2030
v 9 2045
v 10 1109
e 1 0 1,299 2,199 3,299
e 2 0 4,399
e 3 0 5,1000
e 4 0 6,599 7,299 8,299 4,399
e 5 0 9,149
e 6 0 8,299
e 7 0 10,499 7,299 8,299
end
v 1 2030
v 2 2032
v 3 2021
v 4 1034
v 5 2005
v 6 2022
v 7 2023
v 8 2038
e 1 0 1,299 2,299
e 2 0 3,399
e 3 0 4,699 5,300 6,299 7,499 1,299 2,299 8,180
e 4 0 5,300 1,299
end
v 1 2010
v 2 2022
v 3 1032
v 4 1064
v 5 4031
v 6 1008
v 7 1012
v 8 1111
v 9 2030
e 1 0 1,199 2,299
e 2 0 3,499 4,299 5,850
e 3 0 6,350
e 4 0 7,499 3,499 8,599 9,299
e 5 0 5,850
e 6 0 9,299
end
v 1 1037
v 2 2036
e 1 0 1,1000 2,798
end
v 1 1021
v 2 1033
v 3 1037
v 4 2030
v 5 2045
v 6 4031
v 7 1073
v 8 2022
v 9 1002
v 10 1076
v 11 1099
v 12 1109
v 13 2036
e 1 0 1,170 2,699 3,1000 4,299
e 2 0 4,299 5,149 6,850
e 3 0 7,299 8,299
e 4 0 9,499 2,699 10,299 11,350 12,499 13,399
end
v 1 1002
v 2 1032
v 3 1034
v 4 2010
v 5 2036
v 6 4031
v 7 2003
v 8 2032
v 9 2030
e 1 0 1,499 2,499 3,699
e 2 0 4,199 5,399 6,850
e 3 0 7,299 8,299 5,399
e 4 0 5,399
e 5 0 9,299
e 6 0 6,850
end
v 1 1111
v 2 2010
v 3 2022
v 4 2030
v 5 2036
v 6 2038
v 7 1002
v 8 1008
v 9 1027
v 10 1033
v 11 1073
v 12 2002
v 13 2021
v 14 2023
v 15 1037
v 16 1064
e 1 0 1,599 2,199 3,299 4,299 5,399 6,180
e 2 0 7,499 8,350 9,1200 10,699 11,299 12,300 13,399 3,299 14,499
e 3 0 15,1000 16,299 11,299
end
v 1 1099
v 2 2021
v 3 2036
v 4 2010
v 5 2022
v 6 2030
e 1 0 1,350 2,798 3,399
e 2 0 4,199 5,299 6,299
end
v 1 2010
v 2 2021
v 3 2032
v 4 2038
v 5 1031
v 6 2022
v 7 1027
v 8 1032
v 9 1033
v 10 1037
v 11 1058
v 12 1064
v 13 4031
e 1 0 1,199 2,399 3,299
e 2 0 4,180
e 3 0 5,150 6,299
e 4 0 4,180
e 5 0 7,1200 8,499 9,699 10,1000 11,899 12,299 2,399 13,850
end
v 1 1002
v 2 1064
v 3 1071
v 4 1109
v 5 2010
v 6 2022
v 7 2030
v 8 1037
v 9 1066
v 10 1032
v 11 1079
v 12 2045
v 13 2002
v 14 4031
v 15 1021
e 1 0 1,499 2,299 3,250 4,499 5,199
e 2 0 6,299 7,299
e 3 0 8,1000 9,499 3,250
e 4 0 1,499
e 5 0 10,499 6,299
e 6 0 11,199 7,299 12,447
e 7 0 6,299
e 8 0 13,300 5,199 6,299 14,850
e 9 0 15,170
end
v 1 1002
v 2 1071
v 3 1079
v 4 2030
v 5 2005
v 6 1008
v 7 2023
v 8 2038
v 9 4031
v 10 2022
v 11 2036
v 12 2010
v 13 2037
e 1 0 1,499 2,250 3,199 4,299
e 2 0 2,250 5,300 4,299
e 3 0 6,350 5,300 4,299
e 4 0 4,299
e 5 0 2,250 7,499 8,180 9,850
e 6 0 9,850
e 7 0 10,598
e 8 0 11,399
e 9 0 4,299
e 10 0 12,199 4,299 13,300
end
v 1 1032
v 2 1054
v 3 1064
v 4 2022
v 5 2005
v 6 2036
v 7 4031
v 8 2030
v 9 2010
e 1 0 1,499 2,1200 3,299 4,299
e 2 0 5,300 6,399 7,850
e 3 0 4,299 8,299
e 4 0 9,199
end
v 1 1002
v 2 1077
v 3 1080
v 4 2021
v 5 4031
v 6 1054
v 7 2032
v 8 2036
v 9 1058
v 10 2038
e 1 0 1,499 2,299 3,199 4,399 5,850
e 2 0 6,1200 2,299 7,299
e 3 0 8,399
e 4 0 1,499 9,899 2,299 4,399 5,850
e 5 0 10,180
end
v 1 1033
v 2 1109
v 3 1034
v 4 1054
v 5 1111
v 6 2021
v 7 2030
v 8 1063
v 9 1077
v 10 2002
v 11 2022
v 12 1008
v 13 2028
e 1 0 1,699 2,499
e 2 0 3,699 4,1200 5,599 6,399 7,598
e 3 0 8,199 9,299
e 4 0 10,300 11,299
e 5 0 12,350 4,1200 8,199 13,300
end
v 1 2021
v 2 2032
v 3 1032
v 4 1071
v 5 2030
v 6 1002
v 7 1008
v 8 1017
v 9 1063
v 10 2003
v 11 2010
v 12 2036
v 13 1058
v 14 1033
v 15 2022
v 16 4031
e 1 0 1,399 2,299
e 2 0 3,499 4,250 5,299
e 3 0 6,499 7,350 8,499 9,199 10,299 11,199 5,299
e 4 0 12,399
e 5 0 13,899 11,199 5,299
e 6 0 14,699 15,299
e 7 0 1,399
e 8 0 6,499 16,850
end
v 1 2030
e 1 0 1,299
end
v 1 2036
v 2 4030
e 1 0 1,399 2,899
end
v 1 4029
v 2 4031
v 3 1002
v 4 1094
v 5 2002
v 6 2010
e 1 0 1,299 2,850
e 2 0 3,499 4,299 5,300 6,199
end
v 1 1008
v 2 1037
v 3 2019
e 1 0 1,350 2,1000 3,399
end
v 1 2010
v 2 2003
v 3 1054
v 4 4037
e 1 0 1,199
e 2 0 2,299
e 3 0 3,1200 4,200
end
v 1 1063
v 2 1070
v 3 1077
v 4 1094
v 5 1111
v 6 2002
v 7 2022
v 8 2032
v 9 2036
v 10 4027
v 11 2010
v 12 2038
v 13 2023
e 1 0 1,199 2,1199 3,299 4,299 5,599 6,300 7,299 8,299 9,399
e 2 0 10,499
e 3 0 11,199 12,180
e 4 0 7,299 13,499
end
v 1 1010
v 2 1021
v 3 2010
v 4 2022
v 5 2036
v 6 2038
v 7 4029
v 8 1002
v 9 1008
v 10 1016
v 11 1058
v 12 2005
v 13 2032
e 1 0 1,150 2,170 3,199 4,299 5,399 6,180 7,299
e 2 0 8,499 9,350 10,499 11,899 12,300 13,299 7,299
e 3 0 4,299
end
v 1 2003
v 2 2022
v 3 2031
v 4 2032
v 5 4029
v 6 1099
v 7 2028
e 1 0 1,299 2,299 3,399 4,299 5,299
e 2 0 6,700
e 3 0 2,299
e 4 0 7,300
end
v 1 4029
v 2 1077
e 1 0 1,299
e 2 0 2,299
end
v 1 1058
v 2 2022
v 3 2032
v 4 2036
e 1 0 1,899 2,299 3,299
e 2 0 4,399
end
v 1 1033
v 2 1099
v 3 2030
v 4 1011
v 5 4029
v 6 2000
v 7 1077
v 8 2032
v 9 1078
e 1 0 1,699 2,350 3,299
e 2 0 4,499 2,350 5,299
e 3 0 6,399
e 4 0 7,299 8,299
e 5 0 9,199
end
v 1 1005
v 2 1033
v 3 1079
v 4 1099
v 5 1076
v 6 1077
v 7 2045
v 8 4029
v 9 1058
v 10 1069
v 11 2002
v 12 2022
v 13 2030
v 14 2038
e 1 0 1,299 2,699 3,199 4,350
e 2 0 5,299 6,299 3,199 7,149 8,299
e 3 0 9,899 10,999 11,300 12,299 13,299 14,180
end
v 1 4027
v 2 4029
v 3 4030
v 4 1032
v 5 1037
v 6 1109
v 7 2022
v 8 1021
v 9 1111
v 10 2023
v 11 2002
v 12 2028
v 13 2030
e 1 0 1,499 2,299 3,899
e 2 0 4,499 5,1000 6,499
e 3 0 7,299
e 4 0 8,170 9,599 10,499
e 5 0 8,170 11,300 7,299 12,300 13,299
end
v 1 4029
v 2 2022
v 3 2023
v 4 2032
v 5 2036
e 1 0 1,299
e 2 0 2,299 3,499 4,299
e 3 0 5,399
end
v 1 1033
v 2 2022
v 3 2028
v 4 2032
e 1 0 1,699 2,299
e 2 0 1,699 3,300 4,299
end
v 1 1032
v 2 1053
v 3 1077
v 4 2036
v 5 4037
v 6 1002
v 7 2010
v 8 2030
v 9 4024
v 10 4041
v 11 1064
v 12 4029
e 1 0 1,499 2,2000 3,299 4,399 5,200
e 2 0 6,499 7,199 8,299 9,380 10,999
e 3 0 11,299 4,399 12,598
end
v 1 1008
v 2 1017
v 3 1033
v 4 1079
v 5 1111
v 6 4027
v 7 1029
e 1 0 1,350 2,499 3,699
e 2 0 4,199 5,599 6,499
e 3 0 7,2500
e 4 0 5,599
end
v 1 1111
v 2 2022
v 3 2023
v 4 2045
v 5 2010
v 6 2021
v 7 2005
v 8 1032
e 1 0 1,599 2,299 3,499 4,149
e 2 0 5,199
e 3 0 6,399
e 4 0 7,300
e 5 0 8,499 3,499
e 6 0 7,300 5,199
end
v 1 1005
v 2 1016
v 3 1017
v 4 1111
v 5 2010
v 6 2023
v 7 2045
e 1 0 1,299 2,499 3,499 4,599
e 2 0 5,199 6,499
e 3 0 2,499
e 4 0 7,149
end
v 1 2022
v 2 4029
e 1 0 1,299 2,299
end
v 1 2045
v 2 2004
v 3 2021
v 4 4029
e 1 0 1,149
e 2 0 2,300 3,399 1,149 4,299
e 3 0 1,149
end
v 1 2045
v 2 1076
v 3 4029
e 1 0 1,149
e 2 0 2,299 3,299
end
v 1 1017
e 1 0 1,499
end
v 1 2021
v 2 1109
v 3 2036
v 4 4029
v 5 1032
v 6 2005
v 7 2010
e 1 0 1,399
e 2 0 2,499 3,399 4,299
e 3 0 5,499
e 4 0 6,300 7,199
end
v 1 1054
v 2 2010
v 3 1039
v 4 1077
v 5 2021
v 6 2036
v 7 2022
v 8 4029
e 1 0 1,1200 2,199
e 2 0 3,1000 1,1200 4,299 5,399 6,399
e 3 0 7,598 6,399 8,299
end
v 1 2045
v 2 1029
v 3 2003
v 4 2022
e 1 0 1,149
e 2 0 2,2500 3,299 4,299
e 3 0 2,2500
end
v 1 1113
v 2 1017
v 3 1076
v 4 2031
v 5 2035
v 6 4001
v 7 4027
v 8 2030
e 1 0 1,299
e 2 0 2,499 3,299 4,399
e 3 0 5,450 6,1090 7,499
e 4 0 8,299
end
v 1 1005
v 2 1027
v 3 1032
v 4 1063
v 5 1113
v 6 2028
e 1 0 1,299 2,1200 3,499 4,199 5,299 6,300
end
v 1 1016
v 2 1021
v 3 1032
v 4 1058
v 5 1111
v 6 2045
v 7 4029
e 1 0 1,499 2,170 3,499 4,899 5,599 6,149 7,299
end
v 1 4029
v 2 2022
v 3 1058
v 4 2038
v 5 4048
v 6 1077
e 1 0 1,299
e 2 0 2,299
e 3 0 3,899 4,180 5,299
e 4 0 1,299
e 5 0 6,299
end
v 1 2036
v 2 2022
v 3 1008
v 4 1058
v 5 1071
v 6 2030
e 1 0 1,399
e 2 0 2,299
e 3 0 3,350 4,899 5,250 6,299
end
v 1 1017
v 2 1039
v 3 1054
v 4 2005
v 5 2010
v 6 1071
v 7 2032
v 8 4029
e 1 0 1,499 2,1000 3,1200 4,300 5,199
e 2 0 6,250 7,299
e 3 0 8,299
end
v 1 1021
v 2 2005
v 3 2010
v 4 4029
e 1 0 1,170 2,300 3,199 4,299
e 2 0 4,299
end
v 1 1037
v 2 1039
e 1 0 1,1000 2,1000
end
v 1 1032
v 2 1058
v 3 2010
v 4 2036
v 5 4024
v 6 2005
v 7 1010
v 8 2033
e 1 0 1,499 2,899 3,199 4,399 5,380
e 2 0 6,300 3,199
e 3 0 7,150 1,499 8,250
end
v 1 2027
e 1 0 1,850
e 2 0 1,850
end
v 1 2021
v 2 4029
v 3 1008
e 1 0 1,399 2,299
e 2 0 3,350
e 3 0 2,299
end
v 1 1071
v 2 2004
v 3 2010
v 4 2036
v 5 4029
e 1 0 1,250 2,300 3,199 4,399 5,299
end
v 1 1037
v 2 2010
v 3 4029
v 4 1034
v 5 4041
e 1 0 1,1000 2,199 3,299
e 2 0 4,699 5,999
end
v 1 1032
v 2 1071
v 3 1099
v 4 1109
v 5 2010
v 6 1027
v 7 2002
v 8 2036
v 9 4029
v 10 2023
v 11 2033
v 12 1039
e 1 0 1,499 2,250 3,350
e 2 0 1,499 4,499
e 3 0 5,199
e 4 0 6,1200 7,300 8,399 9,299
e 5 0 5,199 10,499
e 6 0 10,499
e 7 0 11,250
e 8 0 4,499
e 9 0 12,1000
end
v 1 1002
v 2 1025
v 3 1032
v 4 1037
v 5 1077
v 6 1113
v 7 2036
v 8 2038
v 9 4029
v 10 4040
v 11 2022
v 12 1079
e 1 0 1,499 2,299 3,499 4,1000 5,299 6,299 7,399 8,180 9,299 10,699
e 2 0 11,299
e 3 0 1,499 7,399
e 4 0 12,199 6,299 9,299
end
v 1 1037
v 2 4041
v 3 2005
v 4 2032
v 5 2045
v 6 1113
e 1 0 1,1000 2,999
e 2 0 3,300 4,299 5,149
e 3 0 3,300
e 4 0 6,299
end
v 1 1002
v 2 1016
v 3 1063
v 4 1064
v 5 2022
v 6 2036
v 7 2010
e 1 0 1,499 2,499 3,199 4,299 5,299 6,399
e 2 0 6,399
e 3 0 1,499
e 4 0 7,199 6,399
end
v 1 1016
v 2 1017
v 3 1058
v 4 1109
v 5 2010
v 6 2023
v 7 1011
v 8 1113
v 9 4029
v 10 1037
v 11 2036
e 1 0 1,499 2,499 3,899 4,499 5,199 6,499
e 2 0 7,499 8,299
e 3 0 9,299
e 4 0 10,1000 11,399 9,299
e 5 0 8,299
end
v 1 1016
v 2 4030
v 3 4041
v 4 2032
v 5 4029
v 6 1037
v 7 2022
v 8 4040
e 1 0 1,499 2,899 3,999
e 2 0 4,299 5,299
e 3 0 6,1000 7,299 8,699
end
v 1 2010
v 2 2045
v 3 1032
v 4 1039
e 1 0 1,199 2,149
e 2 0 3,499 4,1000
end
v 1 2028
v 2 1032
v 3 1066
v 4 1071
v 5 1017
v 6 1115
v 7 2005
e 1 0 1,300
e 2 0 2,499 3,499 4,250
e 3 0 5,499 6,700 7,300
end
v 1 1077
v 2 1027
v 3 2004
v 4 1002
v 5 1039
v 6 1071
v 7 1137
v 8 2045
v 9 4041
v 10 2010
e 1 0 1,299
e 2 0 2,1200 3,300
e 3 0 4,499 5,1000 6,250 7,299 8,149
e 4 0 9,999
e 5 0 10,199
end
v 1 4040
e 1 0 1,699
end
v 1 1021
v 2 1037
v 3 1073
v 4 1079
v 5 1099
v 6 2037
v 7 2023
v 8 2021
v 9 2010
v 10 1077
v 11 4029
e 1 0 1,170 2,1000 3,299
e 2 0 1,170 2,1000 3,299
e 3 0 4,199 5,350 6,300
e 4 0 7,499
e 5 0 8,399
e 6 0 9,199
e 7 0 10,299 11,299
end
v 1 4029
v 2 2010
v 3 1137
v 4 2005
e 1 0 1,299
e 2 0 2,199
e 3 0 3,299 4,300
end
v 1 1033
v 2 2022
v 3 2005
v 4 2010
e 1 0 1,699 2,299
e 2 0 3,300 4,199
end
v 1 1034
v 2 2023
v 3 4029
e 1 0 1,699
e 2 0 2,499 3,299
end
v 1 4029
v 2 1109
v 3 2010
v 4 2045
e 1 0 1,299
e 2 0 2,499
e 3 0 3,199 4,149 1,299
end
v 1 2036
v 2 4029
v 3 2010
e 1 0 1,399
e 2 0 2,299
e 3 0 3,199
end
v 1 1079
v 2 1113
v 3 2010
v 4 2041
e 1 0 1,199 2,299 3,199 4,180
end
v 1 1002
v 2 1016
v 3 1032
v 4 2021
v 5 4022
v 6 1008
v 7 1021
v 8 1079
v 9 1113
v 10 2002
v 11 2003
e 1 0 1,499 2,499 3,499 4,399 5,299
e 2 0 6,350 2,499 7,170 8,199 9,299
e 3 0 10,300 11,299
e 4 0 10,300
end
v 1 2019
v 2 4029
v 3 1008
e 1 0 1,399 2,299
e 2 0 3,350
end
v 1 2032
v 2 2036
v 3 1063
v 4 1037
e 1 0 1,299 2,399
e 2 0 3,199
e 3 0 4,1000
end
v 1 1021
v 2 1113
v 3 4029
v 4 1005
v 5 1032
v 6 1054
v 7 1079
v 8 2019
v 9 1012
v 10 1071
v 11 4041
e 1 0 1,170 2,299 3,299
e 2 0 4,299 1,170 5,499 6,1200 7,199 8,399 3,598
e 3 0 3,299
e 4 0 9,499 10,250 11,999
end
v 1 4029
v 2 2003
v 3 2010
v 4 2047
e 1 0 1,299
e 2 0 2,299 3,199
e 3 0 4,350
e 4 0 3,199
end
v 1 1039
v 2 1079
v 3 2019
e 1 0 1,1000
e 2 0 2,199 3,399
end
v 1 2038
v 2 2045
v 3 4029
v 4 2004
v 5 2010
v 6 2036
e 1 0 1,180 2,149 3,299
e 2 0 4,300 5,199 6,399
end
v 1 1017
v 2 1033
v 3 1099
v 4 2010
v 5 4041
v 6 4029
e 1 0 1,499 2,699 3,350 4,199 5,999
e 2 0 6,299
e 3 0 5,999
end
v 1 1016
v 2 1021
v 3 1039
v 4 1077
v 5 1113
v 6 2000
v 7 2010
v 8 2021
v 9 2036
v 10 4029
v 11 1066
v 12 2045
v 13 4037
v 14 1111
v 15 4030
v 16 4041
e 1 0 1,499 2,170 3,1000 4,299 5,299 6,399 7,199 8,399 9,399
e 2 0 7,199
e 3 0 5,299 10,299
e 4 0 11,499 9,399 12,149 13,200
e 5 0 14,599 6,399
e 6 0 15,899 16,999
end
v 1 1058
v 2 2010
e 1 0 1,899 2,199
end
v 1 4027
v 2 4035
e 1 0 1,499 2,299
end
v 1 1002
v 2 1016
v 3 1032
v 4 1039
v 5 1113
v 6 2005
v 7 2010
v 8 2022
v 9 4028
v 10 2021
v 11 4029
v 12 1034
v 13 1109
v 14 4037
e 1 0 1,499 2,499 3,499 4,1000 5,299 6,300 7,199 8,299 9,399
e 2 0 7,398 10,399 11,299
e 3 0 11,299
e 4 0 12,699 13,499 7,199 11,299 14,200
end
v 1 1089
e 1 0 1,1199
end
v 1 1010
v 2 1039
v 3 2010
e 1 0 1,150 2,1000 3,199
end
v 1 2036
e 1 0 1,399
end
v 1 1064
v 2 2022
e 1 0 1,299 2,299
end
v 1 1077
e 1 0 1,299
end
v 1 1016
v 2 1033
v 3 1045
v 4 1071
v 5 1109
v 6 1116
v 7 2002
v 8 2005
v 9 2010
v 10 1032
v 11 2030
v 12 4029
e 1 0 1,499 2,699 3,300 4,250 5,499 6,999 7,300 8,300 9,199
e 2 0 10,499
e 3 0 11,299
e 4 0 12,299
e 5 0 12,299
e 6 0 12,299
end
v 1 1116
v 2 1039
v 3 2005
v 4 2010
v 5 2023
v 6 2037
v 7 2047
v 8 4029
e 1 0 1,999
e 2 0 2,1000 3,300 4,199 5,499 6,300
e 3 0 7,350 8,299
end
v 1 1005
v 2 1037
v 3 1039
v 4 1063
e 1 0 1,299 2,1000 3,1000 4,199
end
v 1 2005
v 2 2010
v 3 2019
v 4 4029
v 5 2021
v 6 1076
v 7 4044
v 8 4057
e 1 0 1,300 2,199 3,399 4,299
e 2 0 5,399
e 3 0 6,299 7,300 8,180
e 4 0 2,199
end
v 1 4029
v 2 2036
e 1 0 1,299
e 2 0 2,399
end
v 1 2010
v 2 4029
e 1 0 1,199 2,299
end
u 1079 1
u 2032 1
u 1001 1
u 4019 1
u 1003 1
u 1123 1
u 4024 1
u 1004 1
u 1203 1
u 1007 1
u 1014 1
u 1037 1
u 2021 1
u 2030 1
u 2031 1
u 1032 1
u 4031 1
u 1002 1
u 2003 1
u 2022 1
u 2010 1
u 2023 1
u 2005 1
u 2036 1
u 1017 1
u 1021 1
u 1071 1
u 1008 1
u 1054 1
u 1076 1
u 1078 1
u 2004 1
u 1077 1
u 1111 1
u 2045 1
u 1109 1
u 1034 1
u 2038 1
u 1064 1
u 1012 1
u 1033 1
u 1073 1
u 1099 1
u 1027 1
u 2002 1
u 1031 1
u 1058 1
u 1066 1
u 2037 1
u 1080 1
u 1063 1
u 2028 1
u 4030 1
u 4029 1
u 1094 1
u 2019 1
u 4037 1
u 1070 1
u 4027 1
u 1010 1
u 1016 1
u 1011 1
u 2000 1
u 1005 1
u 1069 1
u 1053 1
u 4041 1
u 1029 1
u 1039 1
u 1113 1
u 2035 1
u 4001 1
u 4048 1
u 2033 1
u 2027 1
u 1025 1
u 4040 1
u 1115 1
u 1137 1
u 2041 1
u 4022 1
u 2047 1
u 4035 1
u 4028 1
u 1089 1
u 1045 1
u 1116 1
u 4044 1
u 4057 1
