v 1 11297
v 2 11777
v 3 43137
v 4 13037
v 5 25607
v 6 21596
v 7 36308
v 8 48106
v 9 54446
v 10 13636
v 11 35318
v 12 26828
v 13 43338
e 1 0 1,106.68 2,39.72 3,61.32 4,31.92 5,44.88
e 2 0 6,24.6 7,85.68 8,25.89 9,32.88
e 3 0 10,31.44 11,41.52 12,83.1 13,104.88
end
v 1 43126
v 2 36306
v 3 36308
v 4 11771
v 5 64866
v 6 11788
v 7 11776
v 8 36978
v 9 42716
v 10 86886
v 11 73051
v 12 35926
v 13 75210
v 14 35914
v 15 46350
v 16 11774
v 17 27102
v 18 37938
v 19 37991
v 20 34006
v 21 46434
v 22 84636
v 23 86506
v 24 76487
v 25 64864
v 26 17086
v 27 64858
v 28 36305
e 1 0 1,45.24 2,19.56 3,21.42 4,24.8 5,53.88
e 2 0 6,93.96 7,62.64 8,20.76 9,44.88
e 3 0 10,56.16 6,62.64 11,53.28 12,20.28 13,60.0
e 4 0 14,23.04 15,45.24 16,36.72 7,31.32 12,40.56
e 5 0 17,54.3 18,42.6 19,89.52 20,65.88
e 6 0 21,60.6
e 7 0 22,3.73 23,5.13
e 8 0 24,24.36
e 9 0 25,128.16 26,96.0 27,45.0 3,64.62 28,40.08
end
v 1 17127
v 2 34007
v 3 19067
v 4 31719
v 5 34456
v 6 89197
v 7 19061
v 8 11788
v 9 26826
v 10 11776
v 11 11290
v 12 41693
v 13 43128
v 14 15247
v 15 10627
v 16 64867
v 17 36305
v 18 75210
v 19 64866
v 20 36308
e 1 0 1,7.5
e 2 0 2,22.35 3,17.31 4,4.06 5,6.49 6,12.48
e 3 0 7,40.92
e 4 0 8,93.96 9,78.0 10,31.32 11,6.0 12,37.32
e 5 0 13,2726.76
e 6 0 14,39.36 15,58.2 16,68.04
e 7 0 17,19.56 18,30.0 19,53.88 20,42.84 12,38.88
end
v 1 27102
v 2 65254
v 3 36304
v 4 37994
v 5 19066
v 6 37642
v 7 27027
v 8 31990
v 9 37640
v 10 74776
v 11 911020
v 12 36308
v 13 37996
v 14 15248
v 15 11788
v 16 43337
e 1 0 1,54.3 2,78.24 3,24.72 4,108.0 5,59.88
e 2 0 6,384.0 7,116.04 8,96.96 9,210.3 10,273.0
e 3 0 11,52.5
e 4 0 12,21.54 13,49.56 14,28.5 15,31.38 16,70.56
end
v 1 87511
v 2 38046
v 3 77284
v 4 77805
v 5 89152
v 6 87485
v 7 89154
v 8 89175
v 9 27629
v 10 19068
v 11 67264
v 12 43334
v 13 64858
v 14 67526
v 15 11296
v 16 36306
e 1 0 1,7.73
e 2 0 2,113.28 3,39.96 4,48.0
e 3 0 5,187.5 6,13.5 7,14.75 8,16.5
e 4 0 9,4.55 4,4.0
e 5 0 10,31.5
e 6 0 11,63.12
e 7 0 12,5.0
e 8 0 13,30.0
e 9 0 14,6.0
e 10 0 15,15.6
e 11 0 16,1.67
end
v 1 38046
v 2 77284
v 3 65200
v 4 33900
v 5 68846
v 6 10807
v 7 35354
v 8 26827
v 9 58838
v 10 69637
v 11 38177
v 12 43337
v 13 26826
e 1 0 1,56.64 2,39.96
e 2 0 3,19.0 4,7.5 5,11.55
e 3 0 6,7.8
e 4 0 7,5.75
e 5 0 8,113.4 9,26.22 10,66.0 11,228.24 12,70.56
e 6 0 13,23.37
end
v 1 47861
v 2 34456
v 3 4356
v 4 75181
v 5 4626
v 6 15626
v 7 27629
v 8 77805
v 9 46939
v 10 75898
v 11 38046
v 12 26815
e 1 0 1,9.5
e 2 0 2,75.0 3,32.5 4,75.0 5,21.0 6,96.0
e 3 0 7,109.2 8,96.0 9,72.6 10,69.6 11,113.28
e 4 0 12,315.0
end
v 1 77054
v 2 77052
v 3 58838
v 4 68036
v 5 27102
v 6 31658
v 7 75210
v 8 88767
v 9 4626
v 10 24456
v 11 23626
v 12 34433
v 13 1643
v 14 56196
v 15 26996
v 16 77776
v 17 34030
v 18 74086
v 19 34116
v 20 77805
e 1 0 1,155.52 2,108.0
e 2 0 3,49.2 4,153.6 5,54.3 6,21.3
e 3 0 7,30.0 8,171.84 9,119.88
e 4 0 10,33.0 11,20.04 12,26.97
e 5 0 13,114.0 14,37.8
e 6 0 15,211.2
e 7 0 16,5.25
e 8 0 17,17.25 18,8.5 19,5.75
e 9 0 20,4.0
end
v 1 12407
v 2 41693
v 3 11290
v 4 19061
v 5 19066
v 6 34001
v 7 35918
v 8 35926
v 9 15648
v 10 27783
v 11 15626
v 12 64870
v 13 48105
v 14 48108
v 15 86885
v 16 48106
v 17 37996
v 18 64858
e 1 0 1,2.75
e 2 0 2,39.0 3,7.36 4,5.4 5,63.0 6,11.88
e 3 0 7,21.6
e 4 0 8,3.38
e 5 0 9,2220.0
e 6 0 10,63.0
e 7 0 11,24.0
e 8 0 12,64.8 13,63.0 14,46.0 15,62.04 16,120.0
e 9 0 17,24.78 6,11.88 18,30.0
end
v 1 11788
v 2 45278
v 3 28866
v 4 25608
v 5 64868
v 6 36447
v 7 27102
v 8 27125
v 9 35527
v 10 37020
v 11 15648
v 12 15626
v 13 15667
v 14 33467
v 15 100201
e 1 0 1,62.76 2,23.52 3,13.0 4,35.88 5,46.02
e 2 0 6,75.24 7,108.6 8,68.28 9,45.0 10,42.0
e 3 0 11,17.5 12,7.5 13,9.99 14,5.75 15,19.98
end
v 1 65252
e 1 0 1,2.14
end
v 1 79026
v 2 36305
v 3 36308
v 4 52596
v 5 28866
v 6 34006
v 7 64866
v 8 10803
v 9 64858
v 10 11786
v 11 64870
v 12 43334
v 13 81196
v 14 86668
v 15 88296
e 1 0 1,28.44
e 2 0 2,100.2 3,21.54 4,78.0 5,78.0 6,69.0
e 3 0 7,13.5 8,18.4 9,45.0 10,31.44 11,259.2
e 4 0 12,60.0 13,24.0 14,108.72 15,165.0
end
v 1 31990
v 2 37642
v 3 37640
v 4 42717
v 5 34422
v 6 37996
v 7 19477
v 8 34006
v 9 36904
v 10 10818
v 11 1799
v 12 11788
v 13 26828
v 14 35918
v 15 83363
e 1 0 1,145.44 2,345.6 3,336.48
e 2 0 4,5.25 5,11.0 6,8.26 7,11.02 8,11.5
e 3 0 9,43.2
e 4 0 10,15.0 11,54.0 12,31.38 13,89.04 14,21.6
e 5 0 15,5.16
end
v 1 43536
v 2 45248
v 3 48106
v 4 11788
v 5 16518
v 6 16516
v 7 48099
v 8 26822
v 9 48164
v 10 28867
v 11 19067
v 12 69637
v 13 35317
v 14 15248
v 15 27535
v 16 56667
v 17 80236
v 18 74776
v 19 48108
v 20 48105
v 21 17087
v 22 68031
e 1 0 1,3.75
e 2 0 2,23.52 3,120.0 4,62.76
e 3 0 5,70.8 6,36.96
e 4 0 3,120.0 7,149.76 8,48.0 9,75.0
e 5 0 10,15.5 11,75.6 12,66.0 13,23.88 14,28.5
e 6 0 15,13.65 16,9.38 17,20.36 18,4.5
e 7 0 19,414.0 19,276.0 3,1200.0 20,315.0
e 8 0 21,10.0 22,25.26
end
v 1 27433
v 2 88841
v 3 48106
v 4 67273
v 5 82604
v 6 903056
v 7 76487
e 1 0 1,5.0
e 2 0 2,7.87
e 3 0 3,3600.0
e 4 0 4,9.26 5,6.12
e 5 0 6,799.6
e 6 0 7,2.03
end
v 1 48106
v 2 48108
v 3 48105
v 4 64858
v 5 80576
v 6 89635
v 7 866
v 8 48099
v 9 48102
v 10 16396
v 11 34456
v 12 49186
v 13 43028
v 14 68036
v 15 11290
v 16 11296
v 17 11299
e 1 0 1,240.0 2,138.0 3,126.0 4,30.0
e 2 0 5,1.75
e 3 0 6,2.5
e 4 0 7,65.0 8,74.88 9,19.47 3,126.0 1,120.0
e 5 0 3,315.0 1,360.0
e 6 0 10,67.08
e 7 0 11,6.25
e 8 0 1,480.0 9,38.94 8,149.76 12,140.88 3,252.0
e 9 0 13,5.78
e 10 0 14,25.0
e 11 0 15,7.36 16,187.2 17,330.0
e 12 0 1,240.0 3,189.0 8,224.64
end
v 1 27832
v 2 27255
v 3 37338
v 4 15247
v 5 37417
v 6 45277
v 7 34029
v 8 48106
v 9 86886
v 10 86821
v 11 80447
v 12 18350
e 1 0 1,479.04 2,55.8
e 2 0 3,2310.0
e 3 0 4,40.92 5,33.0 6,27.6 7,89.88
e 4 0 8,684.0
e 5 0 9,25.85 10,27.1 11,120.0
e 6 0 12,60.54
end
v 1 36307
v 2 65257
v 3 5327
v 4 34162
v 5 987157
v 6 19026
v 7 80826
v 8 11788
v 9 44658
v 10 36308
v 11 43337
v 12 37417
v 13 86796
v 14 43137
v 15 67557
v 16 69947
e 1 0 1,24.36 2,95.76
e 2 0 3,13.87 4,10.31
e 3 0 5,65.04
e 4 0 6,7.54
e 5 0 7,14.01 8,62.64 9,31.5 10,42.84 11,67.68
e 6 0 12,59.76 13,29.04 14,61.32 15,48.84 16,90.84
end
v 1 23827
v 2 23826
v 3 36907
v 4 53213
v 5 36904
v 6 11788
v 7 11296
v 8 52596
v 9 43126
v 10 73050
v 11 75210
v 12 36305
v 13 36308
v 14 68038
v 15 34008
v 16 76487
v 17 43338
v 18 5346
v 19 64858
v 20 49086
v 21 15626
v 22 34454
v 23 52312
v 24 49185
v 25 89199
v 26 73051
v 27 35916
v 28 35918
v 29 11776
v 30 25606
v 31 37996
v 32 41693
v 33 89196
e 1 0 1,26.28 2,20.76 3,24.72 4,21.36 5,42.72
e 2 0 6,31.32 7,173.76 8,66.0 9,45.24
e 3 0 10,37.5 6,31.32 11,60.0 12,19.56 13,21.42
e 4 0 14,12.99 15,59.94
e 5 0 16,24.36 17,54.0 13,172.32
e 6 0 6,313.8
e 7 0 6,470.7
e 8 0 18,87.0 19,74.3 20,405.0
e 9 0 17,9.0 21,8.0
e 10 0 22,12.0 23,23.52 24,69.6 25,33.0 26,53.28
e 11 0 27,40.56 28,21.54 29,31.32 5,21.36 6,31.32
e 12 0 30,39.12 10,75.0 31,47.76 32,38.88 33,62.88
end
v 1 39866
v 2 73050
v 3 12407
v 4 27102
v 5 35917
v 6 19066
v 7 19476
v 8 36305
v 9 65426
v 10 66636
v 11 69637
v 12 86672
v 13 54447
v 14 17206
v 15 75210
v 16 68036
v 17 89196
v 18 36306
v 19 86886
v 20 63355
v 21 64867
v 22 64865
v 23 36308
v 24 43334
e 1 0 1,52.56 2,75.0 3,66.0 4,108.6 5,24.96
e 2 0 6,59.88 2,187.5 7,94.44 8,39.12
e 3 0 9,13.32 10,6.49 11,66.0 12,16.9 13,6.54
e 4 0 14,52.8 15,30.0 2,75.0 16,77.88 17,62.88
e 5 0 18,39.12 19,56.16 2,75.0 20,47.28
e 6 0 21,68.04
e 7 0 22,104.16 23,21.54 24,15.0
end
v 1 43128
v 2 36308
v 3 12404
v 4 24156
v 5 64865
v 6 45418
v 7 35318
v 8 77727
v 9 27323
v 10 27318
v 11 26826
v 12 26827
v 13 15667
v 14 27454
v 15 31990
v 16 37640
v 17 18348
e 1 0 1,131.94 2,64.62 3,24.48 4,40.32 5,52.08
e 2 0 6,24.0 7,20.76
e 3 0 8,87.6 9,93.6 10,83.28
e 4 0 11,87.24 12,107.4 13,43.75 14,19.9
e 5 0 15,97.08 16,84.12
e 6 0 17,30.36
end
v 1 67586
v 2 42716
v 3 34359
v 4 40594
v 5 15626
v 6 5326
v 7 52596
v 8 89194
v 9 64858
v 10 64870
e 1 0 1,2.86
e 2 0 2,11.25
e 3 0 3,2.5
e 4 0 4,7.5
e 5 0 5,96.0 6,129.0 7,72.0 8,66.0
e 6 0 9,150.0 10,216.0
end
v 1 17916
e 1 0 1,89.88
end
v 1 27125
v 2 89136
v 3 40329
v 4 5360
v 5 19880
v 6 87146
v 7 932650
e 1 0 1,11.38
e 2 0 2,25.0 3,14.0 4,131.64 5,201.78 6,22.18
e 3 0 7,157.5
end
v 1 21480
v 2 35354
v 3 38178
e 1 0 1,38.28
e 2 0 2,5.75
e 3 0 3,57.0
end
v 1 28350
v 2 52312
v 3 26827
e 1 0 1,17.01
e 2 0 2,23.52
e 3 0 3,113.4
end
v 1 11294
v 2 87945
v 3 89451
v 4 35527
v 5 89489
v 6 35926
v 7 35918
v 8 37996
v 9 11788
v 10 27102
v 11 45276
v 12 76044
v 13 76038
v 14 76046
v 15 75210
v 16 31658
v 17 43316
v 18 19476
e 1 0 1,8.0
e 2 0 2,4.28 3,11.24 4,90.0 5,4.98
e 3 0 6,19.8 7,41.52 8,47.64 9,62.64
e 4 0 10,54.3 9,125.28 11,11.52 6,19.8
e 5 0 12,156.3 13,156.3 14,156.3
e 6 0 15,60.0 16,42.6 17,68.76 18,94.44
end
v 1 11788
v 2 43331
v 3 36306
v 4 11776
v 5 36308
v 6 43335
v 7 35926
v 8 35918
v 9 45246
v 10 82826
v 11 19066
v 12 34006
v 13 65256
v 14 73050
e 1 0 1,93.96 2,5.5 3,19.56 4,31.32 5,21.42
e 2 0 6,52.44 7,40.56 8,21.54 9,23.04 10,37.8
e 3 0 11,59.88 5,64.26 12,65.88 13,72.24 14,75.0
end
v 1 75210
v 2 10008
v 3 52596
v 4 45278
v 5 26826
v 6 36904
v 7 11777
v 8 15627
v 9 37348
v 10 49086
v 11 43333
v 12 37996
v 13 53214
v 14 48099
v 15 53213
v 16 11773
v 17 5345
v 18 989200
e 1 0 1,30.0 2,30.66 3,66.0 4,22.74 5,81.24
e 2 0 6,21.36
e 3 0 7,39.72 8,108.0 9,45.6
e 4 0 10,79.5 11,48.48 12,49.44 13,72.96
e 5 0 14,74.88 15,23.52 16,74.88 17,32.0 11,132.48
e 6 0 18,201.0
end
v 1 43126
v 2 42716
v 3 35916
v 4 75212
v 5 64858
v 6 10548
v 7 36302
v 8 43025
v 9 35917
v 10 36308
e 1 0 1,24.78 2,3.75
e 2 0 3,40.56 4,58.08 2,45.0 5,60.0
e 3 0 6,78.0 7,27.84 8,34.68 9,50.16 10,21.54
end
v 1 5133
v 2 34820
v 3 43482
v 4 66836
v 5 43205
v 6 4876
v 7 43501
v 8 37934
e 1 0 1,35.25 2,49.56
e 2 0 3,4.13 4,20.0 5,3.75 6,10.0 7,4.13
e 3 0 8,6.09
end
v 1 64715
v 2 5037
v 3 19227
v 4 65127
e 1 0 1,682.2 2,173.88 3,74.04 4,153.36
end
v 1 42712
v 2 43360
v 3 987160
v 4 53214
e 1 0 1,29.76 2,29.76
e 2 0 3,70.0
e 3 0 4,38.64
end
v 1 36903
v 2 1799
v 3 77284
v 4 77805
v 5 27629
v 6 28081
v 7 26986
v 8 26998
v 9 26815
v 10 26806
v 11 77052
v 12 77054
v 13 77050
e 1 0 1,0.57
e 2 0 2,27.0
e 3 0 3,39.96 4,96.0 5,109.2 6,47.6
e 4 0 7,150.0 8,150.0
e 5 0 9,225.0 10,60.0
e 6 0 11,108.0 12,155.52 13,36.0
end
v 1 73050
v 2 89577
v 3 80571
v 4 86251
v 5 35913
v 6 43336
v 7 36308
v 8 36304
v 9 43126
v 10 17956
v 11 40394
v 12 64858
v 13 75208
v 14 17826
v 15 89387
v 16 64711
v 17 34008
v 18 64722
v 19 34456
v 20 75210
v 21 45886
e 1 0 1,1125.0
e 2 0 2,126.36 3,27.24 4,13.2 5,26.4
e 3 0 6,50.88 7,42.84 8,49.44 9,45.24
e 4 0 10,38.28 11,38.88 12,148.6 13,13.98 14,35.88
e 5 0 15,119.88
e 6 0 16,50.88 17,19.98 18,60.0
e 7 0 1,37.5 6,101.76 19,80.88 20,30.0 21,50.52
end
v 1 36304
v 2 37996
v 3 68036
v 4 27102
v 5 77487
v 6 41604
v 7 68127
v 8 49189
v 9 35913
v 10 11773
v 11 43331
v 12 36305
v 13 38058
v 14 27629
e 1 0 1,49.44 2,95.52 3,77.88 4,54.3
e 2 0 5,27.12
e 3 0 6,39.0 7,62.64
e 4 0 8,77.76 9,27.36 1,66.96 10,37.44 11,28.8
e 5 0 12,20.04
e 6 0 13,86.16 14,109.2
end
v 1 19477
v 2 86887
v 3 28233
v 4 19227
v 5 75221
e 1 0 1,132.24 2,77.88 3,99.0 4,74.04
e 2 0 5,5.0
end
v 1 77730
v 2 35317
v 3 35918
v 4 37996
v 5 37642
v 6 72434
v 7 31990
v 8 27479
v 9 38046
v 10 77805
v 11 27629
v 12 80236
v 13 28019
e 1 0 1,47.64
e 2 0 2,23.88
e 3 0 3,21.6
e 4 0 4,12.39
e 5 0 5,122.16 6,109.2 7,97.08 8,115.08
e 6 0 9,56.64 10,96.0 11,163.8
e 7 0 7,8.09 12,10.18 8,9.59 13,7.5
end
v 1 46939
v 2 77805
v 3 27629
v 4 47786
e 1 0 1,6.05 2,4.0 3,4.55
e 2 0 4,16.8
end
v 1 37663
v 2 54446
e 1 0 1,18.9
e 2 0 2,2.74
end
v 1 40126
v 2 65195
v 3 89781
v 4 37338
v 5 15940
v 6 73050
e 1 0 1,2.24 2,4.92
e 2 0 3,2.7
e 3 0 4,396.0 5,90.0
e 4 0 6,375.0
end
v 1 35914
v 2 41693
v 3 11774
v 4 37418
v 5 35926
v 6 73050
v 7 11290
v 8 19061
v 9 35317
v 10 25607
v 11 34870
v 12 43127
v 13 67527
v 14 11776
v 15 11788
v 16 35916
v 17 35918
v 18 36904
v 19 43336
v 20 55086
v 21 24458
v 22 34456
v 23 36969
v 24 37996
v 25 36305
v 26 16906
e 1 0 1,21.84 2,37.32 3,36.72 4,25.5 5,39.6
e 2 0 6,375.0
e 3 0 7,9.0 8,10.23
e 4 0 9,47.76 10,48.0 11,72.0 12,57.0 13,93.0
e 5 0 14,31.44 15,94.14 16,20.28 17,64.8 18,43.2
e 6 0 15,62.76 17,86.4 5,40.56 19,54.0 20,32.88
e 7 0 21,33.06 22,84.0 23,41.4 24,99.12 25,60.12
e 8 0 26,600.0
end
v 1 67524
v 2 39918
v 3 86692
v 4 27474
v 5 43336
v 6 16676
v 7 64000
v 8 47786
v 9 18096
v 10 17916
v 11 43334
e 1 0 1,3.25
e 2 0 2,45.0 3,93.48 4,30.0
e 3 0 5,4.53
e 4 0 6,63.0 7,34.02 8,25.2 9,60.0 10,22.47
e 5 0 11,60.0
end
v 1 27604
v 2 36006
v 3 87280
v 4 38176
v 5 22788
v 6 39770
v 7 25878
v 8 10550
v 9 64858
e 1 0 1,22.04 2,7.59 3,26.84 4,4.82
e 2 0 5,3.94
e 3 0 6,26.4
e 4 0 7,7.88
e 5 0 8,6.76
e 6 0 8,3.38
e 7 0 9,15.0
end
v 1 34030
v 2 86692
v 3 43026
v 4 37994
v 5 86906
v 6 11296
v 7 57148
v 8 64858
v 9 43333
v 10 26781
e 1 0 1,5.75
e 2 0 2,7.79 3,2.89
e 3 0 4,9.52
e 4 0 5,5.75
e 5 0 6,93.6 7,19.5
e 6 0 8,15.0
e 7 0 9,16.56
e 8 0 10,900.0
end
v 1 35453
v 2 64865
v 3 19476
v 4 15658
v 5 11788
v 6 38176
v 7 48106
e 1 0 1,4.13
e 2 0 2,53.88 3,105.0 4,111.0 5,31.38 6,57.84
e 3 0 7,240.0
end
v 1 5349
v 2 82846
v 3 34006
v 4 34422
v 5 82847
v 6 35527
v 7 36308
v 8 11788
v 9 43337
v 10 75210
v 11 43137
v 12 58838
v 13 27102
e 1 0 1,53.0
e 2 0 2,3.25
e 3 0 3,17.25
e 4 0 4,65.34 5,44.04 6,15.0
e 5 0 7,21.42 8,31.32 9,66.0 10,30.0 11,61.32
e 6 0 12,24.6 13,54.3 10,30.0 8,31.32 7,42.84
end
v 1 31990
v 2 37642
v 3 37640
v 4 35317
e 1 0 1,96.96 2,153.6 3,168.24
e 2 0 4,23.88
end
v 1 22788
v 2 22786
v 3 11773
v 4 11774
e 1 0 1,22.32 2,22.08 3,37.44 4,36.96
end
v 1 11788
v 2 37348
v 3 25606
v 4 41692
v 5 43028
v 6 11296
v 7 12404
v 8 34820
v 9 43336
v 10 42716
v 11 11777
v 12 43418
v 13 43338
v 14 43337
v 15 37528
e 1 0 1,188.28 2,22.8 3,42.0 4,33.0 5,34.68
e 2 0 6,45.0 7,24.72 8,49.56 9,54.0 10,45.0
e 3 0 11,39.84 12,54.0 13,54.0 14,141.12
e 4 0 15,52.56
end
v 1 82847
v 2 86693
v 3 43337
v 4 82867
v 5 68049
v 6 80686
v 7 31866
v 8 10807
v 9 11297
v 10 43322
v 11 38178
v 12 52599
e 1 0 1,47.28 2,113.4 3,70.56 4,47.28
e 2 0 5,78.0
e 3 0 6,3.24
e 4 0 7,11.0
e 5 0 8,15.08
e 6 0 9,113.4 10,5.25 3,70.56 11,57.0 12,173.76
end
v 1 10624
v 2 37889
v 3 12408
v 4 34578
v 5 35039
v 6 56206
v 7 789
v 8 11788
e 1 0 1,8.92
e 2 0 2,12.6
e 3 0 3,246.78
e 4 0 4,6.3
e 5 0 5,9.96
e 6 0 6,16.44 7,70.92 8,313.8
end
v 1 77852
v 2 43337
v 3 87484
v 4 36308
v 5 36306
v 6 10808
e 1 0 1,4.13
e 2 0 2,23.52 3,14.5
e 3 0 4,107.7 5,100.2
e 4 0 6,333.0
end
v 1 11776
v 2 42716
v 3 67526
v 4 35918
v 5 36305
v 6 32235
v 7 11774
v 8 27476
v 9 10549
v 10 27454
v 11 65254
v 12 82780
v 13 12406
v 14 26826
v 15 41604
v 16 37338
v 17 56206
v 18 11788
v 19 36308
v 20 38008
v 21 52596
e 1 0 1,31.44 2,45.0 3,66.0 4,21.6
e 2 0 5,20.04 6,39.0 1,31.44 7,36.96
e 3 0 8,3000.0
e 4 0 9,35.6 10,47.76 11,78.24 12,37.8
e 5 0 13,26.04 14,90.48 15,9.75 16,660.0 17,32.88
e 6 0 18,62.76 19,43.08 20,88.56 21,35.52
end
v 1 11774
v 2 36304
v 3 35913
v 4 36306
v 5 89193
v 6 11298
v 7 43338
v 8 36308
v 9 67526
v 10 82846
v 11 87409
v 12 4367
e 1 0 1,36.96 2,44.64 3,27.36 4,40.08 5,72.0
e 2 0 6,96.0 7,54.0 8,21.54 9,72.0 10,37.8
e 3 0 11,78.0 12,19.98
end
v 1 37526
v 2 41601
v 3 43126
v 4 11788
v 5 59231
v 6 81206
v 7 64858
v 8 10805
v 9 37993
v 10 36904
v 11 49185
v 12 43026
v 13 89198
v 14 76486
v 15 34006
v 16 37339
v 17 4626
e 1 0 1,33.0
e 2 0 2,20.76 3,49.56 4,62.76 5,18.3 6,24.0
e 3 0 7,120.0
e 4 0 8,96.0 9,60.96 10,21.6 11,69.6 12,34.68
e 5 0 13,945.0
e 6 0 5,20.28 14,20.28 15,65.88
e 7 0 16,1320.0
e 8 0 17,122.88
end
v 1 41693
v 2 35316
v 3 11788
v 4 35926
v 5 35918
v 6 11771
v 7 36301
v 8 53216
v 9 12406
v 10 43331
e 1 0 1,38.88 2,20.16 3,62.64 4,40.56 5,43.08
e 2 0 6,4.96 7,1.86 8,37.8 9,26.04 10,2.75
end
v 1 34579
v 2 19066
v 3 37996
v 4 64865
v 5 36305
e 1 0 1,84.0 2,59.88 3,47.76 4,51.96 5,19.56
end
v 1 26827
v 2 58838
v 3 11297
e 1 0 1,104.52 2,24.6 3,109.44
end
v 1 88186
v 2 33959
v 3 43510
v 4 33291
e 1 0 1,37.5 2,69.0 3,51.0 4,36.0
end
v 1 42009
v 2 41681
v 3 41692
v 4 905427
v 5 917914
v 6 903760
v 7 36871
v 8 34029
v 9 977136
v 10 72816
v 11 903207
v 12 900562
v 13 905405
v 14 927222
e 1 0 1,132.0 2,165.0 3,165.0
e 2 0 4,112.5 5,11.21 6,31.2
e 3 0 7,28.5 8,90.0 9,39.0 10,30.0
e 4 0 11,91.32
e 5 0 12,67.5 13,75.0 14,24.67 6,36.4
end
v 1 38008
v 2 27025
v 3 77378
v 4 17086
v 5 34458
v 6 36978
v 7 904762
v 8 911668
v 9 903835
v 10 903348
v 11 11788
v 12 36308
v 13 43028
v 14 36305
v 15 58838
v 16 34422
v 17 82820
v 18 27479
v 19 27027
v 20 31990
v 21 37642
v 22 71902
v 23 64865
v 24 64866
e 1 0 1,885.6 2,198.0 3,99.12 4,99.0
e 2 0 4,297.0 1,664.2 5,367.5
e 3 0 6,41.52
e 4 0 7,46.68 8,26.76
e 5 0 9,406.8
e 6 0 10,135.0
e 7 0 11,94.14 12,43.08 13,34.68 14,60.12 15,24.6
e 8 0 16,67.5 17,37.8
e 9 0 18,172.62 19,115.08 20,145.62 21,30.54 22,54.0
e 10 0 23,269.4 24,270.0
end
v 1 33658
v 2 64870
v 3 12467
v 4 89533
v 5 902574
v 6 64512
v 7 53214
v 8 56196
v 9 89193
v 10 52594
e 1 0 1,4.13
e 2 0 2,129.6
e 3 0 3,3.61 4,5.5
e 4 0 5,4.5
e 5 0 6,99.0 7,38.64 8,151.2 9,72.0 10,42.0
e 6 0 5,4.5
end
v 1 56767
v 2 64858
v 3 89193
v 4 75224
v 5 64870
v 6 36904
v 7 37994
v 8 36903
v 9 902574
v 10 11777
v 11 43337
v 12 35934
v 13 10550
v 14 38177
v 15 64866
v 16 37996
v 17 65256
v 18 11788
v 19 35918
v 20 73050
v 21 42716
v 22 16987
v 23 16518
v 24 41693
e 1 0 1,1.61
e 2 0 2,120.0 3,72.0 4,14.52 5,172.8
e 3 0 6,43.2 7,57.12 8,27.36
e 4 0 9,4.5
e 5 0 10,79.68 11,141.12 12,9.25 13,40.56 14,76.08
e 6 0 15,4.5 16,4.13 17,6.23
e 7 0 18,125.28 19,64.62 20,112.5
e 8 0 21,44.88 18,62.64 22,28.2 23,35.4 24,38.88
end
v 1 52316
v 2 11788
v 3 11776
v 4 41604
v 5 27102
v 6 11774
v 7 35914
v 8 37996
v 9 34578
v 10 34821
v 11 17206
v 12 11786
v 13 64858
v 14 22786
v 15 36886
v 16 36301
v 17 4868
v 18 28868
v 19 36969
v 20 53214
v 21 89199
v 22 43336
v 23 38008
v 24 37991
v 25 10550
v 26 27479
v 27 27677
v 28 37642
v 29 37640
v 30 17284
v 31 27439
v 32 980023
e 1 0 1,35.52 2,93.96 3,62.64
e 2 0 4,12.96 5,217.2 6,36.72 7,23.04
e 3 0 5,54.3 8,47.76 9,72.48 3,31.32 10,39.84
e 4 0 11,1531.2
e 5 0 12,31.32 13,14.86 14,20.76 15,19.92
e 6 0 16,1.87 17,80.28 18,12.5
e 7 0 19,41.4 20,4.83 21,8.25 22,54.0 23,7.38
e 8 0 13,14.86 24,7.48 19,41.4 8,49.56 25,40.56
e 9 0 26,230.16 27,75.54 28,76.92 29,84.12
e 10 0 30,1575.0 31,2625.0 32,15.6
end
v 1 25608
v 2 34008
v 3 34458
v 4 38176
v 5 36308
v 6 64870
v 7 64858
v 8 66636
v 9 64996
v 10 987407
v 11 988849
v 12 64868
v 13 100015
v 14 43336
v 15 54646
v 16 37938
v 17 10834
v 18 43337
v 19 11788
v 20 1799
v 21 1221
e 1 0 1,35.88 2,60.0 3,73.5 4,57.96 5,21.54
e 2 0 6,108.0 7,225.0 8,27.0 9,29.0
e 3 0 10,72.0 11,72.0
e 4 0 12,46.02 13,45.0 14,54.36 15,32.28 4,57.84
e 5 0 16,42.72 17,24.78 18,35.28 19,94.14 20,162.0
e 6 0 21,10.5
end
v 1 902574
v 2 39918
v 3 10805
v 4 10807
v 5 1799
v 6 86884
v 7 64858
v 8 36308
v 9 43331
v 10 26827
v 11 36908
v 12 35918
v 13 38178
v 14 35917
v 15 26820
v 16 77842
v 17 77668
v 18 35926
v 19 68034
v 20 57168
v 21 15248
v 22 11788
e 1 0 1,4.5
e 2 0 2,7.5
e 3 0 3,4.0
e 4 0 4,93.6 5,108.0 6,57.36 7,60.0 8,43.08
e 5 0 9,2.4
e 6 0 10,113.4 11,22.44 5,162.0 12,21.6 13,57.0
e 7 0 14,50.16 15,90.0 16,49.56 17,49.56 18,101.4
e 8 0 12,64.8 19,21.0 20,117.0 21,171.0 22,94.14
end
v 1 43335
v 2 81196
v 3 26828
v 4 43285
v 5 75210
v 6 11297
v 7 26827
v 8 64867
v 9 26820
v 10 37991
v 11 69636
v 12 11788
v 13 904762
v 14 36306
v 15 64866
v 16 11776
v 17 43026
e 1 0 1,101.88 2,22.2 3,160.08 4,50.88
e 2 0 5,900.0
e 3 0 6,104.76 7,98.52 8,66.0
e 4 0 9,72.72 10,3.48 11,51.96 12,125.28
e 5 0 13,233.4
e 6 0 12,31.32 14,39.12 15,53.88 16,31.32 17,34.68
end
v 1 43338
v 2 35926
v 3 34006
v 4 35918
v 5 11774
e 1 0 1,52.44 2,20.28 3,65.88 4,43.08 5,36.72
end
v 1 35926
v 2 41857
v 3 36886
v 4 35914
v 5 43026
v 6 17956
v 7 89196
v 8 35918
v 9 11788
v 10 43336
v 11 34821
v 12 36308
v 13 20248
v 14 64867
v 15 19474
e 1 0 1,40.56 2,14.64 3,19.92 4,23.04 5,34.68
e 2 0 6,19.14 1,60.84 7,31.44 8,21.54 5,34.68
e 3 0 9,31.32 10,50.88 11,39.84 12,42.84 13,26.76
e 4 0 14,136.08 15,3.93
end
v 1 11776
v 2 35926
v 3 11788
v 4 35918
v 5 10550
v 6 64858
v 7 65204
v 8 36306
v 9 89194
v 10 26821
v 11 43331
v 12 15626
v 13 64865
v 14 36308
v 15 73055
v 16 10808
v 17 23277
v 18 41989
v 19 904921
e 1 0 1,62.64 2,20.28 3,93.96 4,86.16 5,27.04
e 2 0 6,59.44
e 3 0 7,3.32 8,20.04
e 4 0 9,66.0 10,13.59 11,7.2 6,15.0 12,96.0
e 5 0 3,62.76 13,107.76 14,43.08
e 6 0 15,75.0 16,47.25 17,41.28
e 7 0 18,3.25
e 8 0 19,70.5
end
v 1 64858
v 2 81196
v 3 18661
v 4 26826
v 5 11788
v 6 80686
v 7 37996
v 8 15626
v 9 15818
e 1 0 1,15.0
e 2 0 2,6.0 3,27.5
e 3 0 4,93.48 5,62.76 6,38.88 7,49.56 8,96.0
e 4 0 9,5.0
end
v 1 19476
v 2 43334
v 3 64863
v 4 81124
v 5 68034
v 6 902574
e 1 0 1,17.5
e 2 0 2,2.5
e 3 0 3,5.0
e 4 0 4,9.0
e 5 0 5,3.5
e 6 0 6,4.5
end
v 1 84172
v 2 18348
v 3 27692
v 4 11788
v 5 32232
v 6 11774
v 7 41691
v 8 36969
v 9 915913
v 10 927156
v 11 905233
v 12 902574
v 13 36904
e 1 0 1,3.0
e 2 0 2,15.18 3,15.0 4,62.76 5,23.52 6,36.96
e 3 0 7,2.2
e 4 0 8,7.5
e 5 0 9,17.5 10,13.75 11,19.98 12,4.5
e 6 0 12,4.5
e 7 0 13,1.8
end
v 1 34820
v 2 5345
v 3 77847
v 4 28865
v 5 37338
v 6 927156
v 7 902574
v 8 905233
v 9 915913
v 10 77050
v 11 77054
v 12 77052
v 13 45246
v 14 43338
v 15 13038
v 16 89196
v 17 36908
v 18 36308
v 19 86886
v 20 34433
v 21 41693
v 22 36978
v 23 38008
v 24 41704
v 25 36306
v 26 43336
e 1 0 1,49.56
e 2 0 2,24.0 3,99.12 4,21.0 5,396.0
e 3 0 6,27.5 7,4.5 8,19.98 9,8.75
e 4 0 10,72.0 11,155.52 12,36.0
e 5 0 13,23.04 14,50.94 15,26.34 16,62.88 17,44.76
e 6 0 18,64.26 19,56.16 20,17.98 21,37.32 22,20.58
e 7 0 23,125.82 24,37.32 25,19.56 26,50.88
end
v 1 48104
v 2 48101
v 3 48103
v 4 49189
v 5 49175
v 6 45419
v 7 37347
v 8 73053
v 9 69637
v 10 76038
v 11 11347
v 12 76044
v 13 25607
v 14 37996
v 15 21598
v 16 73050
v 17 36308
v 18 89196
v 19 27027
v 20 31990
v 21 37642
v 22 74776
v 23 27323
v 24 11773
v 25 43333
v 26 48099
v 27 5345
v 28 53213
e 1 0 1,100.8 2,118.0 3,119.52 4,65.04 5,50.4
e 2 0 6,25.44 7,24.12
e 3 0 8,49.02 9,132.0
e 4 0 10,31.26 11,57.0 12,31.26 13,44.88
e 5 0 14,47.76 15,27.72 16,75.0 17,21.42 18,62.88
e 6 0 19,290.1 20,96.96 21,76.8 22,273.0
e 7 0 23,210.0
e 8 0 24,37.44 25,132.48 26,74.88 27,32.0 28,23.52
end
v 1 15248
v 2 11777
v 3 43337
v 4 64867
v 5 15247
v 6 64863
v 7 43338
v 8 43128
v 9 36305
v 10 43126
v 11 36308
e 1 0 1,28.5 2,39.84 3,141.12 4,68.04 5,37.8
e 2 0 6,2.5
e 3 0 7,54.0 8,45.0 9,40.08 10,49.56 11,21.54
end
v 1 35916
v 2 48099
v 3 11776
v 4 35918
v 5 36903
e 1 0 1,40.56 2,74.88 3,62.88 4,21.6 5,27.36
end
v 1 64136
v 2 11777
v 3 43338
v 4 43337
e 1 0 1,83.16 2,39.84 3,54.0 4,70.56
end
v 1 76658
e 1 0 1,216.0 1,270.0
end
v 1 76658
e 1 0 1,4.5
end
v 1 87416
v 2 40656
v 3 69945
v 4 27453
e 1 0 1,7.71
e 2 0 2,3.5 3,3.63
e 3 0 4,2.13
end
v 1 41704
v 2 34036
v 3 34006
v 4 43028
v 5 37338
v 6 89099
v 7 12467
v 8 28086
v 9 64864
v 10 5329
v 11 37347
v 12 37348
v 13 48104
v 14 26828
v 15 36304
v 16 8828
v 17 43138
v 18 4936
v 19 8208
v 20 11285
v 21 11788
v 22 40965
v 23 35416
v 24 25606
v 25 36903
e 1 0 1,6.5 2,5.75 3,69.0 4,34.68 5,330.0
e 2 0 6,11.67
e 3 0 7,10.83
e 4 0 8,16.5
e 5 0 9,2.67
e 6 0 10,62.36 11,48.24
e 7 0 12,43.92 13,201.6 14,80.04 15,24.72
e 8 0 16,33.48 17,46.98 18,76.44 19,28.86 20,195.0
e 9 0 21,31.32 22,95.28 23,27.24 24,36.84 25,26.88
end
v 1 37528
v 2 89577
v 3 37526
v 4 49156
v 5 86887
v 6 86835
v 7 77805
v 8 38046
v 9 34061
v 10 4084
v 11 5061
v 12 5040
v 13 42699
v 14 82637
v 15 87416
e 1 0 1,52.56 2,421.2 3,33.0 4,599.64 5,778.8
e 2 0 6,2.33
e 3 0 7,48.0 8,56.64
e 4 0 9,11.5 10,54.96 11,64.96 12,109.84 13,7.5
e 5 0 14,47.28
e 6 0 15,5.76
end
v 1 73053
v 2 15247
v 3 43028
v 4 35918
v 5 24456
v 6 40193
v 7 75211
v 8 5290
v 9 36308
v 10 36304
v 11 11788
v 12 37994
e 1 0 1,49.02 2,37.8
e 2 0 3,11.56 4,14.4
e 3 0 5,5.52
e 4 0 6,3.75
e 5 0 7,5.0 8,6.13
e 6 0 9,21.54 10,22.32 11,31.38 12,57.12
end
v 1 36965
v 2 34690
v 3 41692
v 4 39699
v 5 37020
e 1 0 1,2.77
e 2 0 2,3.25
e 3 0 3,16.5
e 4 0 4,294.0 5,546.0
end
v 1 68011
v 2 37020
v 3 39699
e 1 0 1,25.0
e 2 0 2,7.0 3,7.0
end
v 1 78592
v 2 71412
v 3 37994
v 4 19486
e 1 0 1,31.14 2,31.14
e 2 0 3,57.12 4,21.0
end
v 1 29287
e 1 0 1,23.52
end
v 1 10550
v 2 64865
v 3 41693
v 4 11788
v 5 43026
e 1 0 1,81.12 2,53.88 3,39.0 4,94.14 5,69.36
end
v 1 69656
v 2 87937
e 1 0 1,4.33
e 2 0 2,47.04
end
v 1 43302
e 1 0 1,5.0
end
v 1 36904
v 2 36308
v 3 25608
v 4 45278
v 5 75210
v 6 58872
v 7 20248
v 8 69634
v 9 11788
v 10 35918
v 11 11774
v 12 48104
v 13 53214
v 14 11771
v 15 38006
v 16 31990
v 17 37642
v 18 37640
v 19 42718
v 20 42716
e 1 0 1,20.88 2,21.42
e 2 0 3,33.84 4,22.74 5,600.0 6,49.2 7,26.76
e 3 0 8,63.84 9,62.64 10,41.52 1,20.88
e 4 0 11,9.18 12,25.2 13,9.12 14,4.96 15,47.64
e 5 0 16,484.8 17,576.0 18,630.9
e 6 0 10,43.2 2,172.32 19,49.5 20,45.0
end
v 1 36306
v 2 11777
v 3 11788
v 4 89196
e 1 0 1,20.04
e 2 0 2,39.84 3,94.14 4,66.48
end
v 1 27102
v 2 58868
v 3 77740
v 4 43026
v 5 36308
v 6 35918
v 7 37417
e 1 0 1,108.6 2,26.22 3,49.56 4,34.68 5,21.54
e 2 0 6,21.6
e 3 0 7,33.0
end
v 1 17826
e 1 0 1,3.51
end
v 1 905339
v 2 21598
v 3 43336
v 4 11776
v 5 34006
v 6 34004
v 7 902424
v 8 68011
e 1 0 1,210.0
e 2 0 2,26.76 3,54.36 4,31.44 5,69.0 6,60.0
e 3 0 7,63.6
e 4 0 8,390.0
end
v 1 58838
v 2 37881
v 3 34433
v 4 86886
v 5 64866
v 6 25608
e 1 0 1,26.22
e 2 0 2,2.3
e 3 0 3,27.75
e 4 0 4,5.17
e 5 0 5,4.5 6,5.98
end
v 1 12404
v 2 35916
v 3 11774
v 4 64858
v 5 36304
v 6 64864
v 7 84170
v 8 11296
e 1 0 1,4.12
e 2 0 2,40.56 3,73.92 4,30.0 5,111.6 6,128.16
e 3 0 7,468.0
e 4 0 8,7.8
end
v 1 68846
v 2 19118
v 3 88841
v 4 88205
v 5 19067
v 6 82837
v 7 11297
v 8 86112
e 1 0 1,3.85 2,7.54 3,7.87 4,7.87
e 2 0 5,12.08 6,3.81 7,55.5 8,6.66
end
u 11297 1
u 11777 1
u 43137 1
u 13037 1
u 25607 1
u 21596 1
u 36308 1
u 48106 1
u 54446 1
u 13636 1
u 35318 1
u 26828 1
u 43338 1
u 43126 1
u 36306 1
u 11771 1
u 64866 1
u 11788 1
u 11776 1
u 36978 1
u 42716 1
u 86886 1
u 73051 1
u 35926 1
u 75210 1
u 35914 1
u 46350 1
u 11774 1
u 27102 1
u 37938 1
u 37991 1
u 34006 1
u 46434 1
u 84636 1
u 86506 1
u 76487 1
u 64864 1
u 17086 1
u 64858 1
u 36305 1
u 17127 1
u 34007 1
u 19067 1
u 31719 1
u 34456 1
u 89197 1
u 19061 1
u 26826 1
u 11290 1
u 41693 1
u 43128 1
u 15247 1
u 10627 1
u 64867 1
u 65254 1
u 36304 1
u 37994 1
u 19066 1
u 37642 1
u 27027 1
u 31990 1
u 37640 1
u 74776 1
u 911020 1
u 37996 1
u 15248 1
u 43337 1
u 87511 1
u 38046 1
u 77284 1
u 77805 1
u 89152 1
u 87485 1
u 89154 1
u 89175 1
u 27629 1
u 19068 1
u 67264 1
u 43334 1
u 67526 1
u 11296 1
u 65200 1
u 33900 1
u 68846 1
u 10807 1
u 35354 1
u 26827 1
u 58838 1
u 69637 1
u 38177 1
u 47861 1
u 4356 1
u 75181 1
u 4626 1
u 15626 1
u 46939 1
u 75898 1
u 26815 1
u 77054 1
u 77052 1
u 68036 1
u 31658 1
u 88767 1
u 24456 1
u 23626 1
u 34433 1
u 1643 1
u 56196 1
u 26996 1
u 77776 1
u 34030 1
u 74086 1
u 34116 1
u 12407 1
u 34001 1
u 35918 1
u 15648 1
u 27783 1
u 64870 1
u 48105 1
u 48108 1
u 86885 1
u 45278 1
u 28866 1
u 25608 1
u 64868 1
u 36447 1
u 27125 1
u 35527 1
u 37020 1
u 15667 1
u 33467 1
u 100201 1
u 65252 1
u 79026 1
u 52596 1
u 10803 1
u 11786 1
u 81196 1
u 86668 1
u 88296 1
u 42717 1
u 34422 1
u 19477 1
u 36904 1
u 10818 1
u 1799 1
u 83363 1
u 43536 1
u 45248 1
u 16518 1
u 16516 1
u 48099 1
u 26822 1
u 48164 1
u 28867 1
u 35317 1
u 27535 1
u 56667 1
u 80236 1
u 17087 1
u 68031 1
u 27433 1
u 88841 1
u 67273 1
u 82604 1
u 903056 1
u 80576 1
u 89635 1
u 866 1
u 48102 1
u 16396 1
u 49186 1
u 43028 1
u 11299 1
u 27832 1
u 27255 1
u 37338 1
u 37417 1
u 45277 1
u 34029 1
u 86821 1
u 80447 1
u 18350 1
u 36307 1
u 65257 1
u 5327 1
u 34162 1
u 987157 1
u 19026 1
u 80826 1
u 44658 1
u 86796 1
u 67557 1
u 69947 1
u 23827 1
u 23826 1
u 36907 1
u 53213 1
u 73050 1
u 68038 1
u 34008 1
u 5346 1
u 49086 1
u 34454 1
u 52312 1
u 49185 1
u 89199 1
u 35916 1
u 25606 1
u 89196 1
u 39866 1
u 35917 1
u 19476 1
u 65426 1
u 66636 1
u 86672 1
u 54447 1
u 17206 1
u 63355 1
u 64865 1
u 12404 1
u 24156 1
u 45418 1
u 77727 1
u 27323 1
u 27318 1
u 27454 1
u 18348 1
u 67586 1
u 34359 1
u 40594 1
u 5326 1
u 89194 1
u 17916 1
u 89136 1
u 40329 1
u 5360 1
u 19880 1
u 87146 1
u 932650 1
u 21480 1
u 38178 1
u 28350 1
u 11294 1
u 87945 1
u 89451 1
u 89489 1
u 45276 1
u 76044 1
u 76038 1
u 76046 1
u 43316 1
u 43331 1
u 43335 1
u 45246 1
u 82826 1
u 65256 1
u 10008 1
u 15627 1
u 37348 1
u 43333 1
u 53214 1
u 11773 1
u 5345 1
u 989200 1
u 75212 1
u 10548 1
u 36302 1
u 43025 1
u 5133 1
u 34820 1
u 43482 1
u 66836 1
u 43205 1
u 4876 1
u 43501 1
u 37934 1
u 64715 1
u 5037 1
u 19227 1
u 65127 1
u 42712 1
u 43360 1
u 987160 1
u 36903 1
u 28081 1
u 26986 1
u 26998 1
u 26806 1
u 77050 1
u 89577 1
u 80571 1
u 86251 1
u 35913 1
u 43336 1
u 17956 1
u 40394 1
u 75208 1
u 17826 1
u 89387 1
u 64711 1
u 64722 1
u 45886 1
u 77487 1
u 41604 1
u 68127 1
u 49189 1
u 38058 1
u 86887 1
u 28233 1
u 75221 1
u 77730 1
u 72434 1
u 27479 1
u 28019 1
u 47786 1
u 37663 1
u 40126 1
u 65195 1
u 89781 1
u 15940 1
u 37418 1
u 34870 1
u 43127 1
u 67527 1
u 55086 1
u 24458 1
u 36969 1
u 16906 1
u 67524 1
u 39918 1
u 86692 1
u 27474 1
u 16676 1
u 64000 1
u 18096 1
u 27604 1
u 36006 1
u 87280 1
u 38176 1
u 22788 1
u 39770 1
u 25878 1
u 10550 1
u 43026 1
u 86906 1
u 57148 1
u 26781 1
u 35453 1
u 15658 1
u 5349 1
u 82846 1
u 82847 1
u 22786 1
u 41692 1
u 43418 1
u 37528 1
u 86693 1
u 82867 1
u 68049 1
u 80686 1
u 31866 1
u 43322 1
u 52599 1
u 10624 1
u 37889 1
u 12408 1
u 34578 1
u 35039 1
u 56206 1
u 789 1
u 77852 1
u 87484 1
u 10808 1
u 32235 1
u 27476 1
u 10549 1
u 82780 1
u 12406 1
u 38008 1
u 89193 1
u 11298 1
u 87409 1
u 4367 1
u 37526 1
u 41601 1
u 59231 1
u 81206 1
u 10805 1
u 37993 1
u 89198 1
u 76486 1
u 37339 1
u 35316 1
u 36301 1
u 53216 1
u 34579 1
u 88186 1
u 33959 1
u 43510 1
u 33291 1
u 42009 1
u 41681 1
u 905427 1
u 917914 1
u 903760 1
u 36871 1
u 977136 1
u 72816 1
u 903207 1
u 900562 1
u 905405 1
u 927222 1
u 27025 1
u 77378 1
u 34458 1
u 904762 1
u 911668 1
u 903835 1
u 903348 1
u 82820 1
u 71902 1
u 33658 1
u 12467 1
u 89533 1
u 902574 1
u 64512 1
u 52594 1
u 56767 1
u 75224 1
u 35934 1
u 16987 1
u 52316 1
u 34821 1
u 36886 1
u 4868 1
u 28868 1
u 27677 1
u 17284 1
u 27439 1
u 980023 1
u 64996 1
u 987407 1
u 988849 1
u 100015 1
u 54646 1
u 10834 1
u 1221 1
u 86884 1
u 36908 1
u 26820 1
u 77842 1
u 77668 1
u 68034 1
u 57168 1
u 43285 1
u 69636 1
u 41857 1
u 20248 1
u 19474 1
u 65204 1
u 26821 1
u 73055 1
u 23277 1
u 41989 1
u 904921 1
u 18661 1
u 15818 1
u 64863 1
u 81124 1
u 84172 1
u 27692 1
u 32232 1
u 41691 1
u 915913 1
u 927156 1
u 905233 1
u 77847 1
u 28865 1
u 13038 1
u 41704 1
u 48104 1
u 48101 1
u 48103 1
u 49175 1
u 45419 1
u 37347 1
u 73053 1
u 11347 1
u 21598 1
u 64136 1
u 76658 1
u 87416 1
u 40656 1
u 69945 1
u 27453 1
u 34036 1
u 89099 1
u 28086 1
u 5329 1
u 8828 1
u 43138 1
u 4936 1
u 8208 1
u 11285 1
u 40965 1
u 35416 1
u 49156 1
u 86835 1
u 34061 1
u 4084 1
u 5061 1
u 5040 1
u 42699 1
u 82637 1
u 40193 1
u 75211 1
u 5290 1
u 36965 1
u 34690 1
u 39699 1
u 68011 1
u 78592 1
u 71412 1
u 19486 1
u 29287 1
u 69656 1
u 87937 1
u 43302 1
u 58872 1
u 69634 1
u 38006 1
u 42718 1
u 58868 1
u 77740 1
u 905339 1
u 34004 1
u 902424 1
u 37881 1
u 84170 1
u 19118 1
u 88205 1
u 82837 1
u 86112 1
